14848 6656
44288 41984
9216 19968
47872 12544
45568 5632
55040 15104
47104 20736
7680 29696
28160 36352
47104 41216
19968 45824
20480 37888
19712 30208
11264 30976
28416 22528
4352 4096
16640 46336
14080 9984
24576 10240
19712 51712
40704 58112
45824 61696
38400 45568
36096 54784
24832 59904
50432 57344
24832 15360
48640 30464
23296 50176
0 47616
45824 50944
54528 11776
6144 33024
11520 57600
15872 48384
27136 53504
27136 50176
8704 52992
34560 34560
4864 51200
40704 35584
5376 43520
22528 46848
24320 58624
18944 33024
27136 20736
44800 16896
12288 45568
1024 7680
54784 32768
51200 1536
31232 15872
6912 6912
39168 32512
53248 65024
16128 5376
40192 0
27136 49152
10752 33024
7424 34048
31488 62208
23552 28416
5376 51200
5888 36864
44032 54784
19968 62208
36608 47104
2304 57600
24320 48384
25600 25088
26368 13056
53504 51712
14336 64256
39680 34816
20224 13824
29184 5120
31488 19712
23296 25088
512 29952
7680 53760
5376 12288
45568 20224
56576 47616
50688 20992
43776 37888
32000 18944
56832 20736
20480 57344
28928 65280
30208 7936
21504 33536
29696 38912
30208 60672
15360 62720
11520 29696
54272 12288
37376 35584
13056 28416
51200 24832
8192 38656
