29.442198 -10.363103 -11.667061
9216 49152
8192 56832
13312 43520
14080 51968
14336 46336
18688 50176
9216 36096
16896 47872
11776 53248
15616 51200
15872 52224
12288 37120
14592 47616
11264 39936
9728 50432
17920 47360
13568 47872
5888 45824
10240 47616
16896 52224
11264 46592
15104 50944
8960 44288
13568 52224
11520 52736
13568 44800
13312 41984
18176 58880
10240 42496
14336 47360
22528 47872
14848 48128
8704 49152
3840 56064
12544 59904
14080 44288
14592 43008
6400 49664
9984 48128
12288 44800
9472 47360
17152 39680
14592 49920
16640 46336
13568 49408
9472 54528
17152 51968
18944 51200
6144 44800
6400 45568
9216 48384
7936 48896
8960 57600
15104 52992
13568 57088
8960 45568
18176 44544
11008 45824
10496 46592
14080 47104
9728 55296
11008 47104
11520 51968
11520 47872
8960 46336
12032 44800
14336 39680
13312 39680
10496 45056
8960 47616
3328 54528
4608 45568
6912 44032
21248 48128
6144 39168
13824 47872
10496 43008
5376 42240
16384 44544
5632 58112
13824 46848
16640 52736
9216 59904
10752 40192
11264 49152
22016 48640
13824 47616
10496 47872
15360 59392
16384 54528
6400 53504
12800 40192
14080 47104
18432 43776
9984 43008
11008 50176
8704 52480
6656 42240
18176 42496
13824 46080
13824 57088
18944 46336
1792 61696
14848 50944
11776 50688
11264 50432
10240 40704
16384 56320
10496 41216
14848 47872
4096 48128
9216 46080
6656 57856
10496 39424
12800 49408
7424 32256
8960 51200
11520 47616
14336 41472
16640 48128
15104 53760
12800 43264
17152 37120
9472 46592
11264 53504
12544 50176
11520 46592
14848 54272
1280 51200
13568 45824
16128 45824
10752 52736
19456 49408
9984 41472
10496 43008
10752 50176
8192 62464
12544 54272
1792 51968
6144 52992
13568 45824
17664 44288
9216 42496
8960 53248
13824 53504
10240 50176
13056 40192
19712 48896
15360 53248
11776 46336
15872 42240
20736 46080
19200 56320
12288 51200
7424 49920
16640 48640
9984 44544
11776 53760
9728 47360
6144 50688
17664 56064
15616 37888
14080 50432
10240 48896
7936 51712
10496 39424
10240 55552
10496 51968
16128 48128
10240 45056
15104 42240
13056 46592
1792 40448
15872 47104
15360 58368
18432 51712
13568 47104
18944 51200
6656 47104
3328 47104
512 55296
8960 45824
11264 51456
14848 51200
9472 40704
10240 49664
8192 47616
6656 47872
12544 47360
11264 57600
15360 54016
7680 48896
16896 47616
2560 49920
3328 43520
17664 51456
16640 49664
11520 43008
18944 48384
8704 52736
16640 58368
9216 45824
9984 46080
10240 46336
18176 44288
10240 51712
16896 43776
9728 50944
16384 46592
5632 57344
18176 44288
11520 38400
14336 56832
4608 43776
8960 44288
2816 50688
5120 47872
14592 46848
15872 47872
8960 51456
9984 57600
11776 52736
12800 31744
5888 45824
13056 35328
16128 44800
8448 39680
5376 48384
14080 36608
7424 50944
9984 59904
17408 51200
12032 49664
8704 51456
18432 54016
8192 39168
11520 50432
17920 40960
13568 49408
17152 47872
10240 41728
9472 46080
22272 61440
11264 42496
3072 50944
7168 60416
7936 48640
28672 41984
13312 41984
13312 43264
30208 15872
41216 8704
33792 15616
37120 13568
42752 14080
35840 20224
32256 9216
41984 2304
37888 15104
38656 17152
43264 8192
41216 25344
34048 1536
36096 11520
37632 16384
37376 16640
38912 13312
30720 11520
26368 9984
31488 13568
32256 4096
30208 25088
36864 25600
32768 14336
33280 8192
30464 26112
31488 21760
29440 4096
32512 19968
39168 23808
26112 25856
30976 15616
36352 10240
25088 12288
34560 9984
29952 16640
33536 17152
33792 9728
39936 18944
38656 7168
38400 5632
31744 7424
24320 24576
31232 13312
32256 16896
41216 23808
28928 7424
27392 7936
42752 14848
30208 11520
38912 16128
32768 10752
30208 25856
38144 25600
32256 12800
29440 13312
36096 22272
36608 17152
39424 20992
34560 10496
39680 15616
41728 12544
29440 17664
30976 18176
26368 5376
37120 16640
37888 3840
39424 21248
38656 18944
43520 6912
31488 16896
30464 15360
37376 11264
36864 17664
30464 9472
38400 13824
37376 10240
39680 7424
37376 17408
35328 18432
35840 11264
32768 16640
28160 9984
43264 3328
28672 20224
38912 19456
34304 16640
29952 11264
33024 9728
37632 5888
29440 7936
35840 8704
36352 21248
34048 17664
31232 17408
28416 14336
28160 13312
38912 18688
32000 10496
30208 10752
35328 9216
46848 15872
29696 16896
33536 12800
36608 16128
38656 12032
41984 6912
34560 17152
39424 7680
28928 23808
35840 18688
30464 25344
34304 17408
33792 19712
32512 27136
40960 4096
31232 14592
26368 8960
31488 17408
34560 11520
33792 30464
39168 17664
37632 11776
34560 16384
32000 12288
36352 12544
33280 13056
37888 17408
32768 13312
38400 13824
39936 14336
32512 4352
31232 7168
42752 17408
36352 14592
22016 14592
34048 8192
35072 23552
33792 20480
32256 15104
43008 18432
39680 11264
39936 23808
39168 14848
39936 14336
29184 17920
34560 13568
40704 12800
35840 3328
27904 11008
32768 13056
37888 4608
37376 19200
34816 19712
39680 11008
36352 12288
31744 4096
31488 17408
39424 15360
34560 13568
31744 20736
38144 16640
35328 17664
38400 25088
40704 13056
38144 14336
33280 18688
38656 13056
37376 14592
40704 17152
34816 16896
28416 16128
37376 13312
32768 20224
37632 16896
40448 18432
32512 23296
44288 22272
29952 19200
37376 15360
40960 22528
32512 12032
25600 8704
32000 21248
32768 15104
33280 27136
30464 21504
33792 11264
33024 28416
34816 18944
32256 10752
34816 11008
39936 6144
34304 14592
40448 19200
34816 22016
39424 19456
33536 16640
29696 20992
35072 19712
33024 0
29440 10240
37888 13568
30976 1536
39168 14848
34304 8704
35072 8192
33536 7680
38912 9216
40960 16384
37376 7936
40448 18688
39680 19712
36352 18944
28928 16640
28928 13056
29440 22016
34304 14336
32000 15872
34048 12288
24832 13312
27136 16384
35072 14080
30976 20480
25088 17408
31232 14848
33024 9472
40960 13312
31744 26112
37120 15872
33792 15360
33024 11008
38144 17408
36096 14336
39936 7424
40960 22528
38144 7680
35328 10496
32512 11520
23296 12032
29184 15616
30208 14336
41216 8192
26624 15104
29952 9728
37888 15616
39936 8960
35840 14592
28416 9728
33280 15616
7168 13312
13056 8448
12800 14848
12288 20736
5888 21760
8192 8704
8448 16128
12544 13056
7168 11264
17920 15872
8960 9728
11008 5632
9472 10752
17664 20224
11520 8704
16384 19456
15616 18688
10240 18688
18432 15104
6912 19200
15872 13056
20224 10496
13568 2560
11008 20992
9728 9984
15616 10496
13312 5376
4864 12288
6656 22272
16384 10496
14848 19712
13056 16640
17664 12288
9728 19968
5376 15872
11776 17408
16896 16128
13056 18944
17920 16896
6912 13824
20480 12800
15360 21504
15872 14848
13056 9984
14080 9984
7680 9472
8704 20480
9984 14336
9728 17664
16384 13568
14848 12544
17152 18176
16896 18176
12800 4352
8448 17408
9472 13312
9728 23552
8192 12288
12032 15872
12800 14592
4352 16896
14336 12032
15360 10752
13824 11264
3328 20992
15360 15616
19200 5888
12544 1792
18944 9984
5376 9984
6144 4096
6912 14080
16384 16896
5632 11264
21504 16896
5376 29184
14336 19456
17408 16128
12288 9472
5376 28160
8704 19712
16640 23552
20992 18688
17920 8704
15104 21504
13056 12544
13056 11776
9472 20992
22528 5376
3840 9216
13568 9984
13824 16128
9728 11776
5376 18432
22528 12544
5120 11264
15104 18944
25088 7424
12288 13824
5632 11264
5376 16384
17152 5888
9728 22784
3584 23296
4608 8448
10240 9728
16128 12032
15616 11520
13568 24576
19200 16896
12800 23808
7168 18432
9216 28160
10496 14080
16640 17920
5888 13056
13824 5632
8448 13312
6912 9728
14080 13056
10496 21760
13312 21760
16896 18432
10240 17408
14336 28672
9216 22272
12544 10496
21248 17664
2816 11776
11776 3072
20736 18944
9472 12288
13568 9472
9216 15104
12288 21248
13824 14080
9984 21760
8448 17920
13312 15872
16384 9984
11776 13824
768 17408
19968 8192
20224 15872
18688 10240
15360 11520
8448 16896
18432 16384
9472 21504
10496 19200
5632 18944
7936 12800
5120 33792
5888 15872
12288 9984
13056 18432
15616 2560
7424 13824
11520 12032
14592 15104
7424 19712
10240 15360
22528 15872
7168 13312
12800 8704
2304 12288
14592 9728
15360 23040
12800 24064
13312 11776
11008 28416
17152 16640
13056 15104
13312 23040
14848 15360
0 15104
13568 17152
13056 15360
2048 23040
13568 17152
15616 16896
2048 8960
17152 26368
9472 16896
22016 13824
18688 12032
8448 13824
9984 19200
7936 9728
14080 26112
9728 8960
9216 12032
12544 14336
9984 3584
8192 6144
10496 11008
11008 13568
16384 8704
8704 9984
11264 16384
22528 19456
14336 15360
10496 18944
22528 17664
19456 23808
9472 12800
9216 16896
10240 11008
19968 11008
10240 11264
15104 14848
13056 13568
12032 7936
5888 16384
20480 8960
11264 11264
16640 25088
6912 17664
12032 13056
13312 12800
12544 17664
17664 7680
16384 10240
4864 256
16128 27648
12032 5888
14336 9216
17408 8704
11776 16384
27648 15360
14848 17664
9728 11008
22528 17920
9984 18688
20480 20736
15872 15104
6400 14848
22016 8704
17408 11520
1024 8192
11776 23552
16384 19200
16896 12288
19968 11264
5120 13312
20224 1024
12032 25344
9984 19712
4608 8704
7168 14336
35072 45056
38400 51200
42240 51712
27648 46848
43520 57600
36864 48128
35840 47872
34304 48896
39936 47872
33536 46592
41728 48896
40448 55040
37120 46592
40192 52992
29440 54784
34816 53760
30208 39936
38400 45824
33024 52992
31744 44544
40704 49152
40448 38912
29952 43264
34560 46080
37632 38400
30720 44544
33792 50432
43776 44800
31232 51712
33280 55296
28672 53760
27648 59136
34816 46848
32000 52992
36608 47104
34816 45312
29184 48896
37632 46080
35328 44544
30208 47872
40448 46848
31232 39936
28928 40960
29952 41984
35840 46848
27648 43776
34816 51456
37376 47872
45568 44800
38912 46592
37376 47360
32256 47360
34304 38656
41728 52224
28672 38656
36096 51968
38400 49664
33536 50432
30208 44800
42496 44032
33280 42496
43264 46336
38912 53504
29440 49920
31232 35072
39424 51712
29184 37376
31232 53248
36864 47616
25856 54528
38912 51968
29952 51456
30464 45568
28160 50176
31488 52992
38400 43520
41728 55552
31744 50944
29696 44288
23552 54016
35840 50688
29440 40192
38912 39680
34048 43776
33024 46592
43008 45568
31232 35840
42496 48384
32000 51456
30208 41984
28928 48384
35840 39168
43520 44032
35840 50432
35328 47104
30720 48128
36864 41472
32256 44544
29696 56064
28160 57600
40192 39680
32512 53760
30208 56320
22016 50944
39424 48896
33024 46848
32768 59392
41984 42496
34048 40704
34816 43776
32512 51712
33280 49152
39680 40192
37120 45312
39680 47616
28672 51712
33792 51456
29440 46080
33792 46080
32256 50176
29184 47872
29696 50688
29952 54528
34304 48896
36352 50944
36096 43008
30720 37376
34560 55040
28672 50432
37120 48128
27904 45312
40704 52480
36352 60928
32768 49152
38144 47360
39168 50944
33024 47104
21760 44800
34304 54784
30720 39936
33024 47872
26624 37888
29952 54784
27392 49920
34560 51456
37376 61696
35584 44544
34304 41472
32000 44032
33536 42496
19968 56320
41216 50688
30208 49408
32512 48640
33024 49408
32512 52992
36096 35584
31232 49920
30976 41216
37888 52736
34816 53760
30720 42752
33024 51712
29184 42496
32256 53760
39424 54784
38400 43520
32256 54016
34560 45568
26880 46080
37120 49408
25344 48384
28672 47360
36352 54016
38656 42496
30464 50432
36096 48384
36864 45056
34560 53504
39424 45568
38912 52992
27904 46336
25856 48128
24064 48640
35584 44544
38656 46592
40192 42240
43520 41728
36096 39168
34816 47360
45824 54528
36096 51456
29696 40960
35072 40192
26624 42240
34816 49408
39936 38912
35328 41984
29952 46080
33792 47104
28160 50432
32768 52480
30464 36096
38912 54272
37888 56576
35840 45056
32768 47872
34304 44800
34048 52992
31488 49152
31232 41472
34816 48640
32768 45056
34304 37632
34048 51712
40704 65280
24832 40704
45568 49408
38400 49920
28416 49664
30720 54528
41728 50432
41728 56832
34816 46080
27648 48384
28416 47616
30464 53760
41472 34304
29952 49664
29184 45824
33792 52224
36096 51712
30464 48128
30976 55552
30976 43264
28160 49920
30720 45824
39168 50432
40704 53760
30720 38912
26624 49664
24576 44800
32256 42496
31744 52736
34560 44544
33536 50688
29952 50432
30976 51200
33536 47104
31744 44800
24576 29184
24320 28160
26368 27648
24832 27648
25088 28160
26112 27648
24320 27904
24320 27904
24832 26624
25344 27904
25856 28672
26112 28672
25856 27904
26112 29184
24832 27392
25344 28928
26624 28928
26112 28672
24576 26624
24064 27904
26368 27648
25088 29440
24832 28416
24576 27648
24576 28160
26112 28160
25856 27648
25088 27392
25600 27904
25088 28160
24320 28672
24832 28416
24576 27904
23808 27904
24320 27904
25088 27904
25344 28160
25600 27904
25856 28160
25344 27648
25600 26880
25856 28160
25600 27648
26880 27648
25088 27648
25856 27392
25600 28672
25856 28416
24832 27648
25088 28160
23808 28928
25600 28160
25088 28672
25088 26624
24576 28928
24576 29184
27136 28160
24320 28672
24064 28416
25344 27904
26112 28672
24320 26880
25856 28416
24832 28928
24320 27136
26112 26624
24320 27904
25600 28416
25344 27392
25600 28416
24576 28160
26624 28672
25088 27904
25344 27904
24320 27904
25856 28672
24832 28672
24832 28928
24832 28928
24832 28160
23296 29696
25344 29184
24832 27648
25088 27904
25088 27648
24064 28160
24320 26880
25088 28416
26368 27392
25856 27648
26624 27648
25600 28672
24320 27904
25088 27904
25600 27392
25600 28416
24832 28416
25088 28928
25856 28160
24832 28672
