681 -727
-907 -5265
-1024 292
-1256 -2671
-3127 -2321
-1671 -498
583 1323
-2868 -1591
-2093 -5302
-1578 -1917
-2473 -3304
-472 1579
-3193 -3042
93 737
-48 -2017
-4827 -2982
-2321 -2625
241 -3052
-1193 -2680
-3465 -3907
-1368 -1912
-1087 -1567
27 -12
-1340 -3112
-1826 -4921
-3371 -2096
-2389 -600
-2152 -24969
-969 -433
-2973 -2660
-2846 -778
-3674 -3535
590 -1408
682 -3591
-1923 -5564
-894 506
-2599 -514
1437 -2011
-1213 -3113
-2379 -1833
-1028 -2869
-2588 792
-320 -527
-2596 -940
-2945 -4205
-430 -2548
-3688 -3789
-2878 -1830
86 -2111
196 -2027
-1131 -3750
539 -2182
-1537 -6445
-2407 -4169
-804 -1956
-1317 -2578
-2577 -255
-1496 -1825
-1245 -2027
-2632 -2391
-875 -3396
-1300 -2084
-1147 -3461
-1550 -2550
-1089 -2793
-2338 -1831
-1894 440
-1032 646
-1710 -1967
-1011 -3399
852 -3676
1296 -1836
-257 -1371
-5466 -3254
33 404
-2556 -2848
-618 -85
506 -604
-3091 -895
371 -4321
-2448 -2134
-3745 -4777
-972 -5559
252 762
-1963 -3985
-1881 -800
-2566 -2615
-1264 -2763
-2845 -5488
-2187 -3651
-167 -5155
-427 769
-2795 -2520
-3216 -517
-615 -208
-18 -1249
585 -1357
384 355
-4540 -833
-2672 -1983
