8.552866 5.459973 0
9.222577 6.269857 0
8.428268 5.771467 0
9.300450 5.600145 0
9.253726 5.444399 0
9.471772 5.662444 0
9.284876 5.787042 0
8.397119 5.989512 0
8.864359 6.145259 0
9.284876 6.238707 0
8.677463 6.347730 0
8.693038 6.176409 0
8.661888 6.005087 0
8.474992 6.020662 0
8.864359 5.818191 0
8.319245 5.413249 0
8.599590 6.363305 0
8.537291 5.537847 0
8.786486 5.553421 0
8.677463 6.487902 0
9.144703 6.628074 0
9.253726 6.705948 0
9.097979 6.347730 0
9.035681 6.550201 0
8.786486 6.674799 0
9.362749 6.612500 0
8.786486 5.662444 0
9.316025 6.005087 0
8.755336 6.456753 0
8.225797 6.394454 0
9.253726 6.472328 0
9.456197 5.584571 0
8.365969 6.067386 0
8.474992 6.612500 0
8.584015 6.410029 0
8.833210 6.519052 0
8.833210 6.456753 0
8.412693 6.519052 0
9.004531 6.098535 0
8.334820 6.472328 0
9.144703 6.114110 0
8.350395 6.301006 0
8.739762 6.378880 0
8.770911 6.643649 0
8.646314 6.067386 0
8.833210 5.787042 0
9.238152 5.693593 0
8.506141 6.347730 0
8.256947 5.491123 0
9.456197 6.051811 0
9.378324 5.350950 0
8.926658 5.678019 0
8.381544 5.475548 0
9.097979 6.051811 0
9.425048 6.783821 0
8.584015 5.444399 0
9.129129 5.319801 0
8.833210 6.425604 0
8.459417 6.067386 0
8.397119 6.082961 0
8.942233 6.721523 0
8.755336 5.958363 0
8.350395 6.472328 0
8.350395 6.145259 0
9.222577 6.550201 0
8.677463 6.721523 0
9.051255 6.378880 0
8.272521 6.612500 0
8.770911 6.410029 0
8.802060 5.880490 0
8.817635 5.615720 0
9.425048 6.487902 0
8.552866 6.768247 0
9.113554 6.098535 0
8.677463 5.631295 0
8.879934 5.428824 0
8.926658 5.755892 0
8.755336 5.880490 0
8.241372 5.989512 0
8.397119 6.534626 0
8.350395 5.600145 0
9.253726 5.771467 0
9.502921 6.394454 0
9.362749 5.787042 0
9.207002 6.176409 0
8.942233 5.740318 0
9.502921 5.787042 0
8.677463 6.612500 0
8.879934 6.783821 0
8.895509 5.491123 0
8.708612 6.082961 0
8.895509 6.191983 0
8.911083 6.690373 0
8.568440 6.737097 0
8.490567 5.989512 0
9.440622 5.600145 0
9.066830 6.114110 0
8.521716 5.958363 0
9.378324 5.880490 0
8.412693 6.191983 0
8.833210 6.674799 0
9.207002 5.942788 0
8.443843 6.783821 0
8.630739 5.927214 0
9.222577 6.332155 0
8.661888 6.363305 0
8.303671 6.145259 0
8.646314 6.082961 0
8.833210 5.397675 0
8.241372 5.366525 0
8.693038 5.927214 0
8.474992 6.082961 0
9.191428 6.332155 0
9.253726 5.989512 0
8.677463 5.740318 0
8.334820 5.958363 0
9.129129 6.051811 0
8.256947 6.191983 0
8.381544 5.646869 0
8.911083 6.160834 0
8.365969 6.581350 0
9.051255 6.550201 0
8.926658 5.319801 0
8.365969 5.506697 0
8.661888 6.036237 0
8.677463 6.596925 0
9.425048 6.519052 0
9.175853 6.363305 0
9.113554 5.522272 0
9.425048 5.568996 0
9.160278 6.519052 0
9.487346 6.285431 0
9.300450 5.350950 0
8.552866 5.818191 0
8.646314 5.584571 0
8.661888 6.550201 0
8.552866 5.366525 0
9.035681 5.615720 0
9.284876 5.787042 0
9.051255 6.160834 0
8.973382 6.005087 0
8.615164 5.428824 0
8.225797 6.456753 0
9.097979 6.441178 0
9.035681 6.674799 0
8.397119 5.506697 0
8.973382 5.350950 0
9.440622 6.005087 0
9.393898 5.849340 0
9.269301 5.413249 0
9.191428 5.709168 0
8.365969 6.565776 0
9.222577 6.410029 0
8.988957 5.802616 0
9.471772 6.191983 0
8.334820 5.600145 0
9.362749 6.410029 0
9.222577 6.301006 0
8.303671 6.176409 0
9.144703 6.347730 0
8.708612 5.568996 0
8.615164 5.600145 0
9.238152 5.927214 0
8.288096 5.973938 0
8.755336 6.301006 0
8.879934 6.721523 0
8.334820 6.581350 0
9.144703 6.550201 0
9.144703 6.207558 0
8.552866 5.958363 0
8.770911 5.413249 0
8.241372 5.755892 0
8.288096 5.755892 0
8.911083 6.705948 0
8.288096 5.911639 0
8.879934 6.160834 0
9.409473 6.316581 0
8.568440 5.678019 0
8.365969 6.487902 0
8.926658 6.378880 0
8.443843 5.615720 0
9.471772 5.833766 0
9.175853 5.709168 0
8.739762 6.301006 0
9.035681 6.659224 0
9.269301 6.363305 0
8.288096 5.475548 0
8.926658 5.350950 0
9.238152 5.631295 0
8.693038 6.316581 0
9.035681 6.394454 0
8.397119 6.363305 0
8.833210 5.444399 0
9.502921 6.550201 0
9.425048 5.553421 0
8.864359 6.067386 0
9.129129 5.724743 0
8.973382 5.646869 0
9.331600 6.223133 0
8.911083 5.802616 0
8.879934 5.631295 0
8.973382 6.191983 0
8.942233 6.503477 0
9.175853 5.693593 0
8.677463 5.568996 0
8.739762 5.989512 0
8.334820 5.709168 0
8.708612 6.721523 0
9.113554 6.332155 0
8.241372 6.378880 0
8.802060 5.989512 0
8.397119 5.568996 0
8.833210 6.674799 0
8.272521 6.565776 0
9.487346 5.600145 0
9.425048 5.927214 0
8.833210 6.020662 0
9.456197 5.755892 0
8.225797 5.584571 0
8.786486 5.397675 0
8.615164 6.628074 0
8.397119 6.160834 0
9.144703 6.628074 0
8.942233 5.833766 0
8.490567 5.849340 0
8.412693 5.506697 0
9.284876 6.098535 0
8.786486 6.550201 0
8.911083 5.802616 0
9.097979 6.612500 0
8.474992 5.880490 0
8.241372 5.522272 0
8.474992 6.207558 0
9.144703 5.849340 0
9.471772 6.752672 0
8.381544 6.285431 0
8.879934 5.397675 0
8.770911 6.705948 0
9.144703 5.724743 0
8.973382 6.005087 0
8.661888 6.643649 0
9.160278 5.428824 0
9.425048 5.864915 0
8.802060 6.783821 0
8.443843 6.051811 0
8.506141 6.316581 0
8.786486 5.319801 0
8.568440 6.176409 0
8.770911 5.553421 0
8.848784 6.160834 0
6.419134 4.618940 1
6.341261 3.933654 1
6.528157 4.182849 1
6.154364 4.323021 1
6.403559 4.665664 1
5.951893 4.681239 1
6.185514 4.463194 1
6.481433 4.011528 1
6.419134 3.871356 1
6.325686 4.494343 1
6.014192 3.731183 1
6.465858 4.416469 1
6.372410 3.840206 1
5.920744 3.497563 1
6.341261 3.637735 1
5.983043 3.497563 1
6.185514 4.120550 1
6.263387 4.338596 1
6.247812 4.618940 1
5.983043 4.603366 1
5.858445 4.494343 1
6.403559 4.213999 1
5.827296 3.513138 1
6.201088 3.653310 1
5.998617 4.385320 1
6.403559 3.606586 1
6.310111 4.416469 1
6.465858 4.120550 1
5.827296 3.544287 1
5.905169 4.727963 1
5.858445 4.525492 1
5.827296 3.528713 1
6.263387 3.528713 1
5.874020 4.416469 1
6.076491 4.727963 1
6.434709 4.681239 1
6.419134 3.466414 1
5.827296 4.650090 1
6.497007 4.198424 1
5.842871 3.700034 1
5.951893 4.432044 1
6.107640 4.167275 1
6.419134 3.933654 1
6.154364 4.385320 1
6.434709 3.684459 1
6.232238 3.793482 1
6.232238 3.995953 1
6.154364 4.494343 1
5.983043 4.743538 1
5.983043 3.591011 1
5.967468 4.136125 1
6.528157 4.151700 1
6.154364 3.559862 1
5.858445 4.681239 1
5.951893 4.089401 1
6.278962 3.840206 1
5.858445 3.886930 1
6.403559 3.513138 1
6.512582 4.323021 1
6.341261 4.432044 1
5.827296 3.684459 1
6.372410 4.089401 1
6.434709 4.525492 1
6.092066 4.136125 1
6.497007 4.665664 1
5.827296 4.058252 1
6.092066 3.466414 1
5.983043 4.198424 1
5.936319 3.871356 1
5.951893 4.509918 1
6.045342 4.307447 1
5.858445 4.572216 1
5.842871 3.606586 1
5.811721 4.120550 1
6.450283 4.509918 1
5.936319 3.684459 1
6.045342 4.634515 1
5.827296 3.528713 1
5.905169 4.307447 1
5.983043 4.213999 1
6.060916 4.276297 1
6.512582 4.650090 1
6.512582 4.245148 1
5.983043 4.478768 1
6.154364 3.886930 1
6.450283 4.260723 1
6.387985 4.104976 1
6.310111 4.167275 1
6.232238 4.136125 1
6.294536 4.042677 1
6.247812 3.591011 1
6.403559 4.104976 1
6.045342 4.291872 1
6.154364 3.466414 1
6.076491 4.618940 1
6.528157 4.213999 1
5.905169 4.260723 1
5.827296 3.513138 1
6.029767 3.466414 1
5.858445 3.528713 1
6.434709 3.653310 1
5.889595 3.933654 1
6.341261 4.743538 1
5.889595 4.089401 1
6.528157 4.541067 1
6.465858 3.575437 1
5.998617 3.622161 1
6.107640 4.432044 1
6.450283 3.902505 1
5.874020 3.622161 1
6.278962 4.058252 1
6.216663 4.696814 1
6.138790 3.653310 1
6.512582 4.759113 1
5.827296 4.603366 1
6.403559 4.463194 1
6.154364 3.731183 1
6.419134 3.793482 1
5.842871 3.684459 1
6.278962 4.167275 1
6.497007 4.198424 1
6.528157 4.587791 1
5.889595 3.575437 1
6.107640 4.058252 1
6.356835 4.167275 1
6.107640 4.665664 1
5.811721 3.513138 1
6.341261 4.525492 1
6.528157 4.650090 1
6.528157 4.151700 1
6.060916 4.291872 1
5.874020 4.525492 1
6.216663 3.481988 1
6.185514 4.712388 1
5.889595 3.544287 1
5.998617 3.700034 1
6.310111 3.559862 1
6.325686 3.902505 1
5.998617 3.700034 1
6.310111 3.684459 1
6.029767 4.073826 1
6.278962 4.260723 1
6.403559 3.886930 1
6.497007 4.120550 1
6.310111 4.104976 1
6.372410 4.400895 1
5.811721 3.995953 1
5.951893 4.120550 1
5.920744 3.762333 1
6.387985 3.653310 1
6.497007 3.637735 1
6.356835 4.603366 1
5.967468 4.696814 1
5.811721 4.104976 1
6.356835 4.323021 1
6.201088 3.824632 1
6.216663 3.855781 1
6.294536 3.809057 1
5.936319 4.104976 1
5.998617 4.650090 1
6.497007 4.260723 1
6.528157 4.011528 1
6.154364 4.354171 1
6.325686 4.447619 1
6.434709 4.136125 1
6.060916 3.746758 1
5.936319 3.824632 1
6.138790 3.777907 1
6.045342 3.918080 1
6.325686 3.933654 1
5.905169 4.182849 1
6.481433 3.777907 1
6.014192 4.634515 1
6.154364 4.743538 1
5.874020 4.400895 1
6.045342 4.229573 1
6.341261 3.497563 1
5.842871 3.949229 1
6.092066 3.886930 1
6.216663 4.541067 1
5.951893 3.995953 1
6.154364 4.011528 1
6.325686 4.058252 1
6.434709 3.918080 1
6.029767 4.681239 1
5.905169 4.260723 1
5.920744 4.089401 1
6.263387 4.354171 1
6.465858 3.980378 1
6.543731 4.136125 1
6.419134 4.182849 1
6.356835 3.622161 1
6.450283 4.011528 1
5.905169 4.509918 1
5.874020 3.653310 1
5.920744 3.559862 1
5.951893 4.478768 1
6.092066 4.416469 1
5.827296 4.432044 1
5.983043 4.587791 1
6.403559 4.618940 1
5.920744 4.120550 1
6.419134 3.481988 1
6.232238 4.151700 1
6.341261 3.918080 1
5.811721 4.509918 1
6.216663 3.715609 1
6.092066 4.618940 1
6.092066 4.058252 1
6.512582 4.416469 1
6.434709 4.058252 1
6.216663 3.497563 1
6.029767 4.416469 1
6.169939 3.481988 1
5.858445 3.497563 1
5.920744 4.541067 1
6.310111 3.809057 1
6.356835 4.541067 1
6.060916 3.949229 1
6.138790 3.497563 1
6.076491 3.528713 1
6.294536 3.513138 1
5.842871 4.136125 1
6.294536 3.700034 1
6.045342 3.497563 1
6.076491 4.213999 1
6.294536 4.432044 1
5.811721 3.995953 1
6.325686 3.886930 1
6.216663 4.354171 1
6.123215 4.089401 1
5.858445 4.104976 1
6.356835 4.447619 1
6.356835 3.840206 1
5.889595 4.650090 1
6.169939 4.058252 1
6.465858 3.886930 1
6.481433 4.385320 1
6.107640 3.995953 1
6.247812 4.727963 1
5.998617 4.712388 1
6.434709 4.509918 1
6.294536 4.603366 1
6.278962 4.432044 1
6.450283 4.136125 1
6.372410 3.731183 1
5.967468 4.587791 1
6.512582 3.918080 1
6.387985 4.541067 1
5.874020 4.027102 1
6.574881 6.114110 2
6.325686 6.191983 2
6.060916 6.207558 2
6.543731 6.176409 2
5.951893 6.098535 2
6.341261 6.067386 2
5.905169 5.896064 2
5.920744 6.129685 2
6.169939 5.428824 1
5.920744 5.600145 1
6.092066 5.724743 1
6.201088 6.316581 2
5.920744 6.005087 2
6.216663 5.740318 1
6.901949 5.880490 2
6.060916 5.927214 2
5.874020 5.911639 2
6.014192 5.896064 2
6.574881 5.366525 1
6.014192 5.864915 2
5.889595 6.223133 2
5.889595 6.036237 2
6.574881 6.363305 2
6.528157 5.864915 1
6.465858 5.397675 1
6.185514 6.254282 2
6.341261 6.176409 2
6.138790 5.958363 2
6.107640 6.254282 2
5.905169 6.082961 2
5.920744 5.896064 2
6.278962 5.600145 1
6.652754 6.051811 2
6.590455 6.082961 2
6.154364 5.973938 2
6.092066 5.958363 2
6.450283 6.223133 2
6.014192 5.864915 2
6.045342 5.802616 1
6.123215 6.550201 2
6.372410 5.942788 2
6.045342 6.005087 2
6.263387 6.254282 2
5.858445 6.129685 2
6.216663 6.098535 2
5.983043 5.864915 2
6.138790 5.646869 1
6.045342 5.849340 1
6.512582 6.020662 2
6.372410 6.674799 2
5.609250 5.755892 2
6.154364 5.709168 1
6.278962 6.176409 2
6.419134 5.584571 1
6.325686 5.989512 2
5.905169 5.755892 1
6.201088 6.519052 2
6.372410 6.347730 2
6.029767 6.036237 2
6.574881 5.444399 1
6.232238 5.911639 2
6.403559 5.942788 2
5.951893 6.005087 2
6.294536 5.864915 1
6.434709 6.191983 2
6.528157 6.067386 2
5.624825 6.254282 2
6.247812 6.301006 2
6.169939 5.522272 1
5.967468 5.413249 1
6.045342 5.911639 2
6.278962 6.114110 2
6.341261 6.254282 2
6.263387 6.970717 2
6.247812 5.818191 1
6.060916 5.662444 1
6.014192 6.082961 2
5.936319 6.020662 2
6.434709 6.223133 2
6.216663 6.129685 2
5.936319 6.160834 2
5.951893 6.269857 2
6.169939 5.942788 2
5.827296 5.709168 1
5.936319 5.740318 1
6.216663 5.802616 1
6.014192 6.207558 2
5.967468 6.160834 2
6.216663 6.269857 2
6.107640 6.285431 2
6.528157 6.534626 2
6.668329 6.005087 2
6.465858 6.394454 2
5.998617 5.568996 1
5.718273 5.709168 1
6.076491 5.662444 1
6.465858 5.553421 1
6.637179 5.646869 1
5.967468 5.787042 1
5.655974 5.849340 2
6.450283 6.114110 2
6.060916 6.425604 2
5.998617 5.771467 1
6.310111 5.833766 1
6.559306 5.973938 2
6.247812 6.160834 2
6.138790 5.973938 2
6.092066 6.160834 2
6.668329 5.911639 2
6.076491 5.849340 1
6.450283 5.989512 2
5.967468 5.631295 1
6.169939 5.631295 1
6.419134 6.363305 2
6.014192 5.833766 1
6.029767 5.724743 1
5.811721 6.129685 2
6.216663 5.537847 1
6.216663 5.989512 2
6.325686 5.973938 2
5.874020 6.238707 2
6.169939 6.565776 2
6.528157 5.973938 2
6.761777 5.973938 2
6.045342 5.740318 1
5.905169 6.067386 2
6.092066 5.366525 1
6.387985 5.724743 1
6.621605 5.989512 2
5.796147 5.880490 2
5.920744 6.098535 2
6.465858 5.787042 1
6.325686 6.114110 2
6.216663 6.347730 2
6.403559 5.600145 1
5.593676 5.927214 2
6.278962 6.472328 2
6.107640 5.942788 2
6.481433 6.441178 2
7.166719 6.160834 2
6.107640 6.020662 2
5.967468 5.537847 1
5.609250 6.160834 2
6.014192 6.347730 2
6.403559 5.740318 1
6.481433 5.911639 1
6.683904 5.880490 1
5.655974 6.425604 2
6.310111 5.973938 2
6.216663 6.814971 2
6.512582 5.615720 1
6.372410 6.129685 2
6.185514 6.410029 2
5.531377 5.537847 1
6.232238 6.114110 2
6.169939 5.973938 2
6.169939 6.456753 2
6.699478 5.787042 1
6.107640 5.880490 2
5.702699 6.082961 2
6.356835 5.958363 2
6.045342 5.927214 2
6.247812 6.378880 2
5.936319 6.269857 2
5.842871 6.191983 2
6.092066 5.973938 2
6.278962 6.067386 2
6.216663 5.366525 1
5.702699 5.880490 2
5.936319 6.067386 2
6.325686 6.269857 2
5.827296 6.285431 2
5.796147 6.207558 2
6.201088 6.487902 2
6.060916 6.051811 2
6.232238 6.020662 2
5.764997 6.160834 2
5.967468 6.129685 2
6.247812 6.238707 2
5.998617 6.207558 2
5.874020 6.051811 2
6.434709 6.098535 2
6.045342 5.818191 1
5.858445 6.082961 2
6.169939 6.160834 2
6.060916 5.849340 1
5.998617 5.849340 2
5.920744 5.724743 1
6.045342 6.082961 2
6.278962 5.740318 1
6.294536 6.425604 2
6.465858 6.082961 2
5.936319 5.787042 1
6.574881 6.394454 2
6.169939 6.659224 2
6.014192 5.849340 2
6.528157 6.082961 2
6.465858 5.849340 1
6.107640 6.005087 2
6.060916 6.254282 2
5.936319 6.191983 2
6.185514 6.456753 2
6.621605 6.067386 2
6.263387 5.475548 1
6.154364 6.114110 2
5.874020 6.285431 2
6.481433 6.114110 2
6.465858 6.285431 2
6.216663 6.067386 2
6.060916 6.347730 2
5.749423 6.254282 2
5.983043 5.537847 1
5.811721 6.067386 2
6.403559 6.410029 2
6.123215 5.989512 2
6.247812 6.378880 2
6.185514 6.005087 2
6.310111 5.942788 2
6.045342 6.207558 2
6.123215 6.005087 2
6.138790 6.643649 2
6.029767 6.098535 2
6.621605 5.849340 1
6.169939 5.942788 2
6.092066 6.363305 2
6.092066 5.973938 2
6.029767 5.958363 2
6.154364 5.771467 1
6.310111 6.051811 2
6.403559 6.472328 2
5.983043 6.114110 2
6.543731 6.067386 2
5.874020 6.363305 2
5.983043 6.285431 2
6.325686 6.098535 2
6.481433 6.223133 2
6.169939 6.160834 2
6.029767 6.410029 2
6.683904 5.942788 2
6.232238 6.051811 2
6.029767 6.519052 2
6.232238 6.176409 2
6.216663 5.724743 1
6.419134 5.678019 1
6.310111 5.896064 1
5.967468 5.973938 2
6.528157 6.378880 2
5.936319 6.363305 2
6.138790 6.098535 2
6.341261 6.051811 2
7.384764 4.883710 1
7.478212 5.257502 0
7.306891 5.055031 1
7.369190 5.273077 0
7.462638 4.852561 0
7.275742 5.008307 1
7.493787 5.101756 0
7.197868 5.164054 1
7.509362 5.132905 0
7.057696 5.164054 1
8.007752 4.883710 0
7.633959 5.241928 0
7.338040 5.241928 0
7.104420 5.195204 1
7.587235 5.382100 0
7.431488 5.273077 0
7.322466 5.039457 1
7.104420 5.164054 1
7.400339 5.335376 0
7.322466 4.852561 1
7.369190 5.413249 0
7.509362 5.117330 0
7.431488 5.428824 0
7.524936 5.148480 0
7.197868 4.930434 1
7.524936 4.899285 0
7.556086 4.930434 0
7.493787 5.319801 0
7.104420 5.195204 1
7.992177 4.946009 0
7.587235 5.039457 0
7.727407 5.366525 0
7.369190 5.070606 0
7.353615 5.459973 0
7.275742 5.132905 1
7.166719 5.257502 1
7.524936 5.413249 0
7.431488 5.039457 0
7.509362 5.413249 0
7.618385 5.195204 0
7.711833 5.179629 0
7.400339 5.413249 0
7.556086 5.101756 0
7.462638 4.650090 1
7.260167 5.537847 1
7.867579 4.743538 0
7.571660 5.101756 0
7.447063 5.226353 0
7.556086 5.288652 0
7.384764 5.537847 0
7.197868 5.164054 1
7.447063 5.304226 0
7.493787 5.164054 0
7.556086 4.681239 0
7.680683 5.366525 0
7.618385 5.070606 0
7.431488 5.101756 0
7.836430 5.023882 0
7.524936 4.821411 0
7.805281 5.179629 0
7.587235 5.055031 0
7.556086 5.350950 0
7.540511 4.992733 0
7.306891 4.852561 1
7.509362 4.992733 0
7.369190 5.288652 0
7.680683 5.164054 0
7.462638 5.023882 0
7.696258 4.821411 0
7.182293 5.148480 1
7.524936 5.226353 0
7.306891 5.304226 0
7.229017 5.055031 1
7.711833 5.475548 0
7.478212 5.273077 0
7.275742 5.288652 0
7.493787 5.397675 0
7.462638 4.759113 0
7.275742 5.195204 1
7.493787 4.914859 0
7.509362 5.319801 0
7.883154 5.070606 0
7.384764 5.070606 0
7.556086 5.226353 0
7.338040 5.132905 0
7.540511 4.977158 0
7.431488 4.961583 0
7.213443 4.883710 1
7.852005 5.382100 0
7.524936 5.086181 0
7.805281 5.335376 0
7.774131 5.350950 0
7.571660 5.132905 0
7.369190 5.288652 0
7.696258 5.055031 0
7.400339 4.883710 0
7.322466 5.195204 0
7.556086 5.459973 0
7.587235 5.148480 0
7.540511 4.930434 0
7.649534 5.273077 0
7.135569 5.086181 1
7.338040 5.117330 0
7.509362 5.101756 0
7.665109 4.992733 0
7.431488 5.288652 0
7.447063 4.712388 1
7.322466 4.790262 1
7.462638 5.023882 0
7.384764 5.039457 0
7.166719 4.961583 1
7.135569 5.273077 1
7.742982 5.132905 0
7.166719 5.226353 1
7.649534 5.023882 0
7.291316 4.961583 1
7.883154 4.727963 0
7.353615 5.195204 0
7.556086 4.946009 0
7.898729 4.930434 0
7.306891 5.273077 0
7.462638 5.273077 0
7.462638 5.148480 0
7.571660 5.226353 0
7.493787 4.914859 0
7.587235 5.101756 0
7.587235 5.319801 0
7.400339 5.241928 0
7.338040 5.179629 0
7.104420 5.335376 1
7.338040 4.852561 1
7.400339 5.553421 0
7.852005 5.148480 0
7.509362 5.273077 0
7.805281 5.179629 0
7.182293 5.273077 1
7.649534 5.039457 0
7.431488 4.977158 0
7.415914 5.039457 0
7.353615 5.319801 0
7.556086 5.335376 0
7.306891 5.086181 1
7.696258 5.491123 0
7.805281 4.883710 0
7.883154 5.070606 0
7.260167 5.023882 1
7.369190 4.759113 1
7.166719 5.086181 1
7.415914 5.132905 0
7.400339 5.023882 0
7.602810 4.914859 0
7.478212 5.101756 0
7.680683 5.008307 0
7.119995 4.899285 1
7.291316 4.930434 1
7.478212 5.382100 0
6.933098 5.164054 1
7.478212 5.070606 0
7.353615 5.101756 0
7.229017 5.397675 1
7.384764 5.273077 0
7.758557 4.836986 0
7.602810 5.304226 0
7.587235 5.148480 0
7.789706 5.039457 0
7.104420 5.553421 1
7.571660 4.977158 0
7.649534 5.023882 0
7.587235 5.117330 0
7.680683 5.304226 0
7.369190 4.977158 0
7.665109 5.086181 0
7.649534 5.257502 0
7.556086 5.273077 0
7.291316 5.039457 1
7.384764 4.836986 1
7.260167 5.273077 1
7.384764 5.148480 0
7.789706 4.977158 0
7.322466 5.241928 0
7.400339 5.070606 0
7.338040 5.101756 0
7.229017 4.946009 1
7.322466 5.273077 0
7.338040 5.273077 0
7.197868 5.413249 1
7.088845 5.428824 1
7.883154 5.319801 0
7.618385 5.413249 0
7.400339 4.930434 0
7.602810 5.304226 0
7.758557 5.132905 0
7.229017 5.475548 1
7.322466 5.008307 1
7.447063 5.382100 0
7.805281 4.774687 0
7.493787 4.868135 0
7.633959 5.055031 0
7.431488 5.117330 0
7.431488 5.382100 0
7.338040 5.086181 0
7.462638 5.148480 0
7.571660 5.210778 0
7.462638 5.055031 0
7.524936 5.117330 0
7.478212 5.164054 0
7.182293 5.101756 1
7.306891 5.070606 1
7.571660 5.023882 0
7.306891 5.055031 1
6.979823 4.883710 1
7.524936 4.914859 0
7.431488 5.164054 0
7.587235 5.008307 0
7.197868 4.977158 1
7.275742 5.304226 0
7.587235 5.148480 0
7.478212 5.226353 0
7.540511 5.350950 0
7.602810 5.055031 0
7.369190 5.179629 0
7.244592 5.257502 1
7.322466 5.008307 1
7.774131 5.164054 0
7.789706 4.961583 0
7.805281 5.241928 0
7.540511 5.195204 0
7.462638 5.210778 0
7.867579 5.023882 0
7.556086 4.852561 0
7.493787 5.366525 0
7.602810 5.023882 0
7.384764 5.226353 0
7.119995 5.413249 1
7.182293 5.132905 1
7.447063 5.179629 0
7.462638 5.132905 0
7.524936 5.101756 0
7.197868 5.101756 1
7.524936 5.039457 0
7.540511 4.946009 0
7.182293 5.350950 1
7.540511 5.226353 0
7.509362 5.475548 0
7.820855 5.226353 0
7.447063 5.023882 0
7.400339 5.179629 0
7.447063 4.727963 1
7.493787 5.257502 0
7.384764 4.977158 0
8.724187 4.556642 0
8.661888 4.541067 0
7.213443 3.014748 1
9.347174 4.946009 0
8.459417 4.291872 0
9.160278 4.821411 0
8.179073 4.198424 3
8.895509 4.727963 0
9.051255 4.525492 0
7.805281 3.746758 3
8.584015 4.447619 0
8.428268 4.120550 3
8.615164 4.432044 0
8.443843 4.369745 0
8.007752 3.809057 3
8.397119 4.385320 0
8.397119 4.400895 0
8.443843 4.213999 0
8.693038 4.307447 0
8.521716 4.338596 0
8.568440 4.400895 0
8.194648 4.011528 3
8.256947 4.042677 3
8.116774 4.229573 3
8.350395 3.777907 3
8.412693 4.416469 0
8.459417 4.447619 0
8.303671 4.089401 3
8.428268 4.323021 0
8.085625 4.011528 3
8.334820 3.995953 3
8.070050 3.731183 3
8.506141 3.840206 3
8.054476 4.058252 3
8.194648 3.995953 3
8.693038 4.151700 3
8.288096 4.042677 3
8.443843 3.902505 3
8.319245 3.855781 3
7.805281 3.419690 3
9.051255 4.587791 0
8.194648 4.167275 3
8.194648 4.089401 3
8.194648 4.665664 0
7.602810 3.606586 3
8.116774 4.089401 3
9.113554 4.883710 0
8.397119 4.369745 0
9.113554 4.665664 0
8.537291 4.447619 0
8.381544 3.933654 3
8.412693 4.136125 3
8.038901 3.949229 3
8.490567 4.603366 0
8.988957 4.790262 0
8.474992 4.323021 0
8.132349 4.058252 3
9.082405 4.930434 0
8.397119 4.338596 0
8.365969 4.151700 3
8.724187 4.712388 0
8.630739 4.618940 0
8.599590 4.603366 0
7.805281 3.622161 3
8.412693 4.354171 0
9.035681 4.572216 0
8.724187 4.167275 0
8.241372 3.777907 3
8.163498 4.011528 3
8.132349 4.603366 0
8.708612 4.120550 3
8.147924 4.136125 3
8.506141 4.167275 0
8.708612 4.354171 0
8.038901 4.167275 3
8.101200 3.871356 3
8.677463 4.634515 0
8.630739 3.995953 3
8.599590 4.338596 0
8.848784 4.727963 0
8.490567 4.136125 3
8.163498 4.120550 3
8.194648 4.089401 3
8.412693 4.260723 0
8.677463 4.182849 0
8.288096 4.260723 0
9.097979 4.634515 0
8.552866 4.385320 0
8.724187 4.696814 0
8.365969 3.793482 3
8.661888 4.556642 0
8.646314 4.525492 0
7.945453 4.198424 3
8.552866 4.291872 0
8.070050 3.731183 3
8.241372 4.291872 0
8.848784 4.369745 0
8.225797 4.307447 0
8.973382 4.416469 0
8.630739 4.494343 0
8.256947 4.759113 0
8.365969 4.323021 0
7.852005 3.855781 3
8.023326 4.136125 3
8.272521 3.995953 3
8.303671 4.120550 3
8.911083 4.743538 0
7.976602 3.513138 3
8.459417 4.229573 0
8.474992 4.525492 0
8.708612 4.727963 0
8.770911 4.463194 0
8.256947 4.104976 3
8.739762 4.618940 0
8.568440 4.556642 0
8.412693 4.229573 0
8.163498 3.918080 3
8.334820 4.011528 3
8.288096 3.980378 3
9.082405 5.070606 0
8.599590 4.572216 0
7.836430 4.276297 3
8.256947 4.198424 0
8.116774 3.871356 3
8.070050 3.933654 3
8.506141 4.027102 3
8.116774 4.120550 3
8.054476 4.167275 3
8.802060 4.509918 0
8.397119 4.416469 0
8.163498 3.995953 3
9.004531 4.541067 0
8.412693 4.229573 0
8.506141 4.665664 0
8.521716 4.042677 3
8.474992 3.995953 3
7.789706 4.011528 3
8.350395 4.058252 3
8.256947 4.104976 3
8.833210 4.727963 0
8.085625 4.416469 0
8.926658 4.681239 0
7.852005 3.855781 3
8.599590 4.323021 0
8.490567 4.930434 0
8.116774 3.918080 3
8.630739 4.712388 0
8.070050 3.980378 3
7.758557 3.746758 3
8.116774 3.700034 3
8.147924 4.104976 3
8.350395 4.073826 3
8.381544 4.182849 0
7.602810 3.731183 3
8.568440 4.229573 0
8.365969 4.603366 0
8.537291 4.447619 0
8.070050 4.213999 3
8.334820 3.715609 3
8.521716 4.136125 3
9.004531 4.572216 0
7.914304 4.042677 3
8.864359 4.650090 0
8.272521 4.556642 0
8.116774 4.369745 0
8.116774 4.821411 0
8.443843 4.011528 3
8.911083 4.603366 0
8.381544 3.964804 3
8.241372 3.933654 3
8.755336 4.432044 0
7.945453 4.136125 3
8.303671 4.307447 0
8.210222 4.042677 3
8.988957 4.618940 0
8.272521 4.073826 3
8.833210 4.385320 0
8.350395 4.198424 0
8.303671 4.416469 0
8.739762 4.323021 0
9.051255 5.288652 0
8.023326 4.198424 3
8.381544 4.058252 3
8.256947 4.042677 3
8.661888 4.463194 0
8.319245 3.871356 3
7.914304 3.466414 3
8.568440 4.291872 0
8.693038 4.042677 3
8.568440 4.260723 0
7.742982 3.186070 3
7.852005 3.746758 3
7.992177 3.777907 3
8.537291 4.307447 0
8.428268 4.696814 0
7.992177 3.918080 3
8.132349 3.731183 3
8.459417 4.447619 0
8.615164 4.509918 0
8.490567 4.245148 0
9.456197 4.961583 0
8.241372 4.260723 0
8.179073 4.229573 0
7.883154 4.089401 3
8.272521 4.042677 3
8.537291 4.104976 3
8.817635 4.276297 0
8.661888 4.120550 3
9.097979 4.743538 0
9.097979 4.946009 0
8.708612 4.198424 0
8.506141 4.494343 0
8.334820 4.027102 3
8.895509 4.603366 0
8.163498 4.089401 3
8.879934 4.245148 0
7.509362 3.513138 1
9.113554 4.899285 0
7.524936 3.793482 3
8.474992 4.198424 0
8.272521 4.104976 3
8.350395 4.198424 0
8.724187 4.603366 0
8.879934 4.696814 0
8.770911 4.400895 0
8.506141 4.291872 0
8.132349 3.435264 3
8.661888 4.432044 0
8.911083 4.603366 0
8.085625 4.073826 3
8.194648 4.369745 0
8.334820 4.260723 0
8.770911 4.634515 0
8.724187 4.712388 0
7.976602 4.213999 3
7.929878 3.809057 3
8.833210 4.198424 0
9.082405 4.712388 0
8.194648 4.011528 3
8.147924 3.949229 3
8.147924 3.684459 3
8.412693 4.494343 0
7.384764 3.435264 1
9.035681 4.556642 0
8.537291 4.213999 0
8.973382 4.961583 0
8.085625 4.011528 3
8.256947 4.027102 3
8.007752 4.198424 3
8.443843 4.213999 0
