127.500000 -1.000000 -0.997708 0.186666 3.625198 2.147378
49664 40192
60672 53504
47616 45312
61952 42496
61184 39936
64768 43520
61696 45568
47104 48896
54784 51456
61696 52992
51712 54784
51968 51968
51456 49152
48384 49408
54784 46080
45824 39424
50432 55040
49408 41472
53504 41728
51712 57088
59392 59392
61184 60672
58624 54784
57600 58112
53504 60160
62976 59136
53504 43520
62208 49152
52992 56576
44288 55552
61184 56832
64512 42240
46592 50176
48384 59136
50176 55808
54272 57600
54272 56576
47360 57600
57088 50688
46080 56832
59392 50944
46336 54016
52736 55296
53248 59648
51200 50176
54272 45568
60928 44032
48896 54784
44800 40704
64512 49920
63232 38400
55808 43776
46848 40448
58624 49920
64000 61952
50176 39936
59136 37888
54272 56064
48128 50176
47104 50432
56064 60928
52992 48384
46336 56832
46336 51456
60672 58112
51712 60928
57856 55296
45056 59136
53248 55808
53760 47104
54016 42752
64000 57088
49664 61696
58880 50688
51712 43008
55040 39680
55808 45056
52992 47104
44544 48896
47104 57856
46336 42496
61184 45312
65280 55552
62976 45568
60416 51968
56064 44800
65280 45568
51712 59136
55040 61952
55296 40704
52224 50432
55296 52224
55552 60416
49920 61184
48640 48896
64256 42496
58112 50944
49152 48384
63232 47104
47360 52224
54272 60160
60416 48128
47872 61952
50944 47872
60672 54528
51456 55040
45568 51456
51200 50432
54272 39168
44544 38656
51968 47872
48384 50432
60160 54528
61184 48896
51712 44800
46080 48384
59136 49920
44800 52224
46848 43264
55552 51712
46592 58624
57856 58112
55808 37888
46592 40960
51456 49664
51712 58880
64000 57600
59904 55040
58880 41216
64000 41984
59648 57600
65024 53760
61952 38400
49664 46080
51200 42240
51456 58112
49664 38656
57600 42752
61696 45568
57856 51712
56576 49152
50688 39680
44288 56576
58624 56320
57600 60160
47104 40960
56576 38400
64256 49152
63488 46592
61440 39424
60160 44288
46592 58368
60672 55808
56832 45824
64768 52224
46080 42496
62976 55808
60672 54016
45568 51968
59392 54784
52224 41984
50688 42496
60928 47872
45312 48640
52992 54016
55040 60928
46080 58624
59392 58112
59392 52480
49664 48384
53248 39424
44544 45056
45312 45056
55552 60672
45312 47616
55040 51712
63744 54272
49920 43776
46592 57088
55808 55296
47872 42752
64768 46336
59904 44288
52736 54016
57600 59904
61440 55040
45312 40448
55808 38400
60928 43008
51968 54272
57600 55552
47104 55040
54272 39936
65280 58112
64000 41728
54784 50176
59136 44544
56576 43264
62464 52736
55552 45824
55040 43008
56576 52224
56064 57344
59904 44032
51712 41984
52736 48896
46080 44288
52224 60928
58880 54528
44544 55296
53760 48896
47104 41984
54272 60160
45056 58368
65024 42496
64000 47872
54272 49408
64512 45056
44288 42240
53504 39168
50688 59392
47104 51712
59392 59392
56064 46336
48640 46592
47360 40960
61696 50688
53504 58112
55552 45824
58624 59136
48384 47104
44544 41216
48384 52480
59392 46592
64768 61440
46848 53760
55040 39168
53248 60672
59392 44544
56576 49152
51456 59648
59648 39680
64000 46848
53760 61952
47872 49920
48896 54272
53504 37888
49920 51968
53248 41728
54528 51712
14592 26368
13312 15104
16384 19200
10240 21504
14336 27136
6912 27392
10752 23808
15616 16384
14592 14080
13056 24320
7936 11776
15360 23040
13824 13568
6400 7936
13312 10240
7424 7936
10752 18176
12032 21760
11776 26368
7424 26112
5376 24320
14336 19712
4864 8192
11008 10496
7680 22528
14336 9728
12800 23040
15360 18176
4864 8704
6144 28160
5376 24832
4864 8448
12032 8448
5632 23040
8960 28160
14848 27392
14592 7424
4864 26880
15872 19456
5120 11264
6912 23296
9472 18944
14592 15104
10240 22528
14848 11008
11520 12800
11520 16128
10240 24320
7424 28416
7424 9472
7168 18432
16384 18688
10240 8960
5376 27392
6912 17664
12288 13568
5376 14336
14336 8192
16128 21504
13312 23296
4864 11008
13824 17664
14848 24832
9216 18432
15872 27136
4864 17152
9216 7424
7424 19456
6656 14080
6912 24576
8448 21248
5376 25600
5120 9728
4608 18176
15104 24576
6656 11008
8448 26624
4864 8448
6144 21248
7424 19712
8704 20736
16128 26880
16128 20224
7424 24064
10240 14336
15104 20480
14080 17920
12800 18944
11520 18432
12544 16896
11776 9472
14336 17920
8448 20992
10240 7424
8960 26368
16384 19712
6144 20480
4864 8192
8192 7424
5376 8448
14848 10496
5888 15104
13312 28416
5888 17664
16384 25088
15360 9216
7680 9984
9472 23296
15104 14592
5632 9984
12288 17152
11264 27648
9984 10496
16128 28672
4864 26112
14336 23808
10240 11776
14592 12800
5120 11008
12288 18944
15872 19456
16384 25856
5888 9216
9472 17152
13568 18944
9472 27136
4608 8192
13312 24832
16384 26880
16384 18688
8704 20992
5632 24832
11264 7680
10752 27904
5888 8704
7680 11264
12800 8960
13056 14592
7680 11264
12800 11008
8192 17408
12288 20480
14336 14336
15872 18176
12800 17920
13824 22784
4608 16128
6912 18176
6400 12288
14080 10496
15872 10240
13568 26112
7168 27648
4608 17920
13568 21504
11008 13312
11264 13824
12544 13056
6656 17920
7680 26880
15872 20480
16384 16384
10240 22016
13056 23552
14848 18432
8704 12032
6656 13312
9984 12544
8448 14848
13056 15104
6144 19200
15616 12544
7936 26624
10240 28416
5632 22784
8448 19968
13312 7936
5120 15360
9216 14336
11264 25088
6912 16128
10240 16384
13056 17152
14848 14848
8192 27392
6144 20480
6400 17664
12032 22016
15360 15872
16640 18432
14592 19200
13568 9984
15104 16384
6144 24576
5632 10496
6400 8960
6912 24064
9216 23040
4864 23296
7424 25856
14336 26368
6400 18176
14592 7680
11520 18688
13312 14848
4608 24576
11264 11520
9216 26368
9216 17152
16128 23040
14848 17152
11264 7936
8192 23040
10496 7680
5376 7936
6400 25088
12800 13056
13568 25088
8704 15360
9984 7936
8960 8448
12544 8192
5120 18432
12544 11264
8448 7936
8960 19712
12544 23296
4608 16128
13056 14336
11264 22016
9728 17664
5376 17920
13568 23552
13568 13568
5888 26880
10496 17152
15360 14336
15616 22528
9472 16128
11776 28160
7680 27904
14848 24576
12544 26112
12288 23296
15104 18432
13824 11776
7168 25856
16128 14848
14080 25088
5632 16640
17152 50944
13056 52224
8704 52480
16640 51968
6912 50688
13312 50176
6144 47360
6400 51200
10496 39680
6400 42496
9216 44544
11008 54272
6400 49152
11264 44800
22528 47104
8704 47872
5632 47616
7936 47360
17152 38656
7936 46848
5888 52736
5888 49664
17152 55040
16384 46848
15360 39168
10752 53248
13312 51968
9984 48384
9472 53248
6144 50432
6400 47360
12288 42496
18432 49920
17408 50432
10240 48640
9216 48384
15104 52736
7936 46848
8448 45824
9728 58112
13824 48128
8448 49152
12032 53248
5376 51200
11264 50688
7424 46848
9984 43264
8448 46592
16128 49408
13824 60160
1280 45056
10240 44288
12288 51968
14592 42240
13056 48896
6144 45056
11008 57600
13824 54784
8192 49664
17152 39936
11520 47616
14336 48128
6912 49152
12544 46848
14848 52224
16384 50176
1536 53248
11776 54016
10496 41216
7168 39424
8448 47616
12288 50944
13312 53248
12032 65024
11776 46080
8704 43520
7936 50432
6656 49408
14848 52736
11264 51200
6656 51712
6912 53504
10496 48128
4864 44288
6656 44800
11264 45824
7936 52480
7168 51712
11264 53504
9472 53760
16384 57856
18688 49152
15360 55552
7680 41984
3072 44288
8960 43520
15360 41728
18176 43264
7168 45568
2048 46592
15104 50944
8704 56064
7680 45312
12800 46336
16896 48640
11776 51712
9984 48640
9216 51712
18688 47616
8960 46592
15104 48896
7168 43008
10496 43008
14592 55040
7936 46336
8192 44544
4608 51200
11264 41472
11264 48896
13056 48640
5632 52992
10496 58368
16384 48640
20224 48640
8448 44800
6144 50176
9216 38656
14080 44544
17920 48896
4352 47104
6400 50688
15360 45568
13056 50944
11264 54784
14336 42496
1024 47872
12288 56832
9472 48128
15616 56320
26880 51712
9472 49408
7168 41472
1280 51712
7936 54784
14336 44800
15616 47616
18944 47104
2048 56064
12800 48640
11264 62464
16128 42752
13824 51200
10752 55808
0 41472
11520 50944
10496 48640
10496 56576
19200 45568
9472 47104
2816 50432
13568 48384
8448 47872
11776 55296
6656 53504
5120 52224
9216 48640
12288 50176
11264 38656
2816 47104
6656 50176
13056 53504
4864 53760
4352 52480
11008 57088
8704 49920
11520 49408
3840 51712
7168 51200
11776 52992
7680 52480
5632 49920
14848 50688
8448 46080
5376 50432
10496 51712
8704 46592
7680 46592
6400 44544
8448 50432
12288 44800
12544 56064
15360 50432
6656 45568
17152 55552
10496 59904
7936 46592
16384 50432
15360 46592
9472 49152
8704 53248
6656 52224
10752 56576
17920 50176
12032 40448
10240 50944
5632 53760
15616 50944
15360 53760
11264 50176
8704 54784
3584 53248
7424 41472
4608 50176
14336 55808
9728 48896
11776 55296
10752 49152
12800 48128
8448 52480
9728 49152
9984 59648
8192 50688
17920 46592
10496 48128
9216 55040
9216 48640
8192 48384
10240 45312
12800 49920
14336 56832
7424 50944
16640 50176
5632 55040
7424 53760
13056 50688
15616 52736
10496 51712
8192 55808
18944 48128
11520 49920
8192 57600
11520 51968
11264 44544
14592 43776
12800 47360
7168 48640
16384 55296
6656 55040
9984 50688
13312 49920
30464 30720
32000 36864
29184 33536
30208 37120
31744 30208
28672 32768
32256 34304
27392 35328
32512 34816
25088 35328
40704 30720
34560 36608
29696 36608
25856 35840
33792 38912
31232 37120
29440 33280
25856 35328
30720 38144
29440 30208
30208 39424
32512 34560
31232 39680
32768 35072
27392 31488
32768 30976
33280 31488
32256 37888
25856 35840
40448 31744
33792 33280
36096 38656
30208 33792
29952 40192
28672 34816
26880 36864
32768 39424
31232 33280
32512 39424
34304 35840
35840 35584
30720 39424
33280 34304
31744 26880
28416 41472
38400 28416
33536 34304
31488 36352
33280 37376
30464 41472
27392 35328
31488 37632
32256 35328
33280 27392
35328 38656
34304 33792
31232 34304
37888 33024
32768 29696
37376 35584
33792 33536
33280 38400
33024 32512
29184 30208
32512 32512
30208 37376
35328 35328
31744 33024
35584 29696
27136 35072
32768 36352
29184 37632
27904 33536
35840 40448
32000 37120
28672 37376
32256 39168
31744 28672
28672 35840
32256 31232
32512 37888
38656 33792
30464 33792
33280 36352
29696 34816
33024 32256
31232 32000
27648 30720
38144 38912
32768 34048
37376 38144
36864 38400
33536 34816
30208 37376
35584 33536
30720 30720
29440 35840
33280 40192
33792 35072
33024 31488
34816 37120
26368 34048
29696 34560
32512 34304
35072 32512
31232 37376
31488 27904
29440 29184
31744 33024
30464 33280
26880 32000
26368 37120
36352 34816
26880 36352
34816 33024
28928 32000
38656 28160
29952 35840
33280 31744
38912 31488
29184 37120
31744 37120
31744 35072
33536 36352
32256 31232
33792 34304
33792 37888
30720 36608
29696 35584
25856 38144
29696 30208
30720 41728
38144 35072
32512 37120
37376 35584
27136 37120
34816 33280
31232 32256
30976 33280
29952 37888
33280 38144
29184 34048
35584 40704
37376 30720
38656 33792
28416 33024
30208 28672
26880 34048
30976 34816
30720 33024
34048 31232
32000 34304
35328 32768
26112 30976
28928 31488
32000 38912
23040 35328
32000 33792
29952 34304
27904 39168
30464 37120
36608 29952
34048 37632
33792 35072
37120 33280
25856 41728
33536 32256
34816 33024
33792 34560
35328 37632
30208 32256
35072 34048
34816 36864
33280 37120
28928 33280
30464 29952
28416 37120
30464 35072
37120 32256
29440 36608
30720 33792
29696 34304
27904 31744
29440 37120
29696 37120
27392 39424
25600 39680
38656 37888
34304 39424
30720 31488
34048 37632
36608 34816
27904 40448
29440 32768
31488 38912
37376 28928
32256 30464
34560 33536
31232 34560
31232 38912
29696 34048
31744 35072
33536 36096
31744 33536
32768 34560
32000 35328
27136 34304
29184 33792
33536 33024
29184 33536
23808 30720
32768 31232
31232 35328
33792 32768
27392 32256
28672 37632
33792 35072
32000 36352
33024 38400
34048 33536
30208 35584
28160 36864
29440 32768
36864 35328
37120 32000
37376 36608
33024 35840
31744 36096
38400 33024
33280 30208
32256 38656
34048 33024
30464 36352
26112 39424
27136 34816
31488 35584
31744 34816
32768 34304
27392 34304
32768 33280
33024 31744
27136 38400
33024 36352
32512 40448
37632 36352
31488 33024
30720 35584
31488 28160
32256 36864
30464 32256
52480 25344
51456 25088
27648 0
62720 31744
48128 20992
59648 29696
43520 19456
55296 28160
57856 24832
37376 12032
50176 23552
47616 18176
50688 23296
47872 22272
40704 13056
47104 22528
47104 22784
47872 19712
51968 21248
49152 21760
49920 22784
43776 16384
44800 16896
42496 19968
46336 12544
47360 23040
48128 23552
45568 17664
47616 21504
41984 16384
46080 16128
41728 11776
48896 13568
41472 17152
43776 16128
51968 18688
45312 16896
47872 14592
45824 13824
37376 6656
57856 25856
43776 18944
43776 17664
43776 27136
34048 9728
42496 17664
58880 30720
47104 22272
58880 27136
49408 23552
46848 15104
47360 18432
41216 15360
48640 26112
56832 29184
48384 21504
42752 17152
58368 31488
47104 21760
46592 18688
52480 27904
50944 26368
50432 26112
37376 9984
47360 22016
57600 25600
52480 18944
44544 12544
43264 16384
42752 26112
52224 18176
43008 18432
48896 18944
52224 22016
41216 18944
42240 14080
51712 26624
50944 16128
50432 21760
54528 28160
48640 18432
43264 18176
43776 17664
47360 20480
51712 19200
45312 20480
58624 26624
49664 22528
52480 27648
46592 12800
51456 25344
51200 24832
39680 19456
49664 20992
41728 11776
44544 20992
54528 22272
44288 21248
56576 23040
50944 24320
44800 28672
46592 21504
38144 13824
40960 18432
45056 16128
45568 18176
55552 28416
40192 8192
48128 19968
48384 24832
52224 28160
53248 23808
44800 17920
52736 26368
49920 25344
47360 19968
43264 14848
46080 16384
45312 15872
58368 33792
50432 25600
37888 20736
44800 19456
42496 14080
41728 15104
48896 16640
42496 18176
41472 18944
53760 24576
47104 23040
43264 16128
57088 25088
47360 19968
48896 27136
49152 16896
48384 16128
37120 16384
46336 17152
44800 17920
54272 28160
41984 23040
55808 27392
38144 13824
50432 21504
48640 31488
42496 14848
50944 27904
41728 15872
36608 12032
42496 11264
43008 17920
46336 17408
46848 19200
34048 11776
49920 19968
46592 26112
49408 23552
41728 19712
46080 11520
49152 18432
57088 25600
39168 16896
54784 26880
45056 25344
42496 22272
42496 29696
47872 16384
55552 26112
46848 15616
44544 15104
52992 23296
39680 18432
45568 21248
44032 16896
56832 26368
45056 17408
54272 22528
46336 19456
45568 23040
52736 21504
57856 37376
40960 19456
46848 17152
44800 16896
51456 23808
45824 14080
39168 7424
49920 20992
51968 16896
49920 20480
36352 2816
38144 12032
40448 12544
49408 21248
47616 27648
40448 14848
42752 11776
48128 23552
50688 24576
48640 20224
64512 32000
44544 20480
43520 19968
38656 17664
45056 16896
49408 17920
54016 20736
51456 18176
58624 28416
58624 31744
52224 19456
48896 24320
46080 16640
55296 26112
43264 17664
55040 20224
32512 8192
58880 30976
32768 12800
48384 19456
45056 17920
46336 19456
52480 26112
55040 27648
53248 22784
48896 20992
42752 6912
51456 23296
55552 26112
41984 17408
43776 22272
46080 20480
53248 26624
52480 27904
40192 19712
39424 13056
54272 19456
58368 27904
43776 16384
43008 15360
43008 11008
47360 24320
30464 6912
57600 25344
49408 19712
56576 32000
41984 16384
44800 16640
40704 19456
47872 19712
