6.42890622967389 3.41284603066742 0
8.22681738552637 5.56485568825156 1
6.09179246448912 4.22557562403381 0
8.44937387027312 3.77885658014566 0
8.29981585394125 3.35250773467123 0
8.88590393343475 3.92702418286353 1
8.39040106884204 4.28193728812039 0
5.99197891145013 4.82431931700558 0
7.25092580472119 5.22972520347685 0
8.39458783413284 5.51917676907033 1
6.74887581390794 5.80426853522658 1
6.77767080289777 5.32205160520971 0
6.72669563570526 4.85122426133603 0
6.21653614751995 4.90306147746742 0
7.25696480856277 4.38265023939312 0
5.79782999737654 3.27059243805706 0
6.55005772900768 5.83021117188036 1
6.38495785940904 3.61679429467767 0
7.03018738946412 3.64129365608096 0
6.73564709362108 6.15839740168303 1
8.00949712563306 6.54846245422959 1
8.31508673424833 6.77189281862229 1
7.87296811945271 5.79291069135070 1
7.72008856560569 6.34758265782148 1
7.03437218186446 6.66322727873921 1
8.59324057924096 6.49569513835013 1
7.04528151638806 3.94277733005583 0
8.49091813457198 4.87134378775954 1
6.95323399605695 6.06827998720109 1
5.53137748141307 5.90619506035000 2
8.32507095835172 6.11822546832264 1
8.85341855790466 3.73207148630172 1
5.90417596348561 5.02924712840468 0
6.22523154609371 6.52058830577880 1
6.49013438634574 5.95128546189517 1
7.18058331054635 6.27406828757376 1
7.17912793019787 6.07477377727628 1
6.05649247672409 6.23655473720282 1
7.63653388398234 5.11349951475859 0
5.83346837945282 6.12470715213567 2
8.00696217326913 5.18181913252920 1
5.86005019117147 5.66706448700279 0
6.90386861050501 5.87062189262360 1
7.01515253970865 6.57803629618138 1
6.68925899534952 5.02291785646230 0
7.17982251232024 4.27472576126456 0
8.26252347743139 4.04461207240820 0
6.28414102515671 5.79169505368918 1
5.60082673537545 3.48013735841960 0
8.85863933700603 5.00894742738456 1
8.64410044031683 3.10318655241281 0
7.42719901434612 3.97331393510103 0
5.95340878155548 3.43954546749592 0
7.91071101010311 4.99995236191899 0
8.76651898922864 6.96852833405137 1
6.50504296214785 3.34883929602802 0
7.97174360207282 3.01474768761545 0
7.18143137881998 6.00978031009436 1
6.18139179726131 5.01994173787534 0
5.97828447900247 5.08839584700763 0
7.45319648948498 6.80500809475780 1
6.96271630737465 4.74198921397328 0
5.85968093387783 6.12520198430866 2
5.89233307936229 5.26140790898353 0
8.21664073085412 6.34608630463481 1
6.74931476288475 6.80709578189999 1
7.76193104195409 5.88628734927624 1
5.67135139228776 6.51369842607528 2
7.01183422270697 5.95659128855914 1
7.08425944379997 4.54005037713796 0
7.14158471953124 3.80323266889900 0
8.79254151054192 6.16713561024517 1
6.39966728247236 6.92743565514684 1
7.95024808286689 5.12694351561368 0
6.76158107852098 3.85412172880024 0
7.31267661682796 3.31855882517993 0
7.44411348761059 4.21749008726329 0
6.95437730604317 4.54616458993405 0
5.56439629360102 4.84463407471776 0
5.99310354702175 6.29176460579038 2
5.85839279450011 3.75953519064933 0
8.29835325677414 4.24111853539944 0
8.97327625832986 5.90608288068324 1
8.61775753006805 4.29210468195379 1
8.19918377953582 5.32456221338362 1
7.47092818270903 4.17471977882087 0
8.98236179212108 4.28095707576722 1
6.76972971425857 6.50019589811564 1
7.29632219264749 6.98629207070917 1
7.36296228121500 3.50373713299632 0
6.83859826042317 5.05906408652663 0
7.34380672010593 5.37956379540265 0
7.36565462069120 6.69993516057730 1
6.46995189297013 6.83403117395937 1
6.23352323391009 4.81833964399993 0
8.83507461100817 3.76981110498309 1
7.80428452056367 5.17537137027830 0
6.32669262809213 4.74433984328061 0
8.65194351598620 4.52514620404691 1
6.02519156155176 5.36704355571419 0
7.19223910989240 6.66787252016366 1
8.18274040904362 4.71491778735071 0
6.12235084839631 6.96414265036583 2
6.61596859700512 4.67170327156782 0
8.21478657727130 5.77014663256705 1
6.71543637593277 5.83113412931562 1
5.75277834862936 5.25642834883183 0
6.67344638751820 5.08769316785038 0
7.16251691128127 3.23287820816040 0
5.57203321973793 3.14713179133832 0
6.80212456092704 4.64219536166638 0
6.20362691732589 5.05998909752816 0
8.12837978545576 5.73657896742225 1
8.29342091083527 4.83557983394712 1
6.75910551007837 4.14519116375595 0
5.83461818099022 4.75248549599201 0
7.98306284064893 4.98394691012800 0
5.63560973375570 5.36971832718700 0
5.94804942340124 3.89318460132927 0
7.39808557752986 5.30779098439962 0
5.93359614280053 6.41578140854836 2
7.78385974303819 6.32911385130137 1
7.42869158869144 3.04145738482475 0
5.90761061094236 3.54564127512276 0
6.69897158071399 4.94691174477339 0
6.77107105078176 6.46499152202159 1
8.77745477808639 6.25796185992658 1
8.10208651120774 5.82776066754013 1
7.94029760407284 3.58266339357942 0
8.76521812914871 3.69212936423719 1
8.04734831338283 6.27363418228924 1
8.93080629932229 5.62497964687645 1
8.44693314074539 3.10875617153943 0
6.40307391749229 4.38100096769631 0
6.66707467089873 3.73635286185890 0
6.72047971794382 6.31955827027559 1
6.40370888914913 3.13335679098964 0
7.72273917368148 3.83279513753951 0
8.40943504334427 4.28250239137560 0
7.77321158384439 5.30577008519322 0
7.54098397539929 4.87754096649587 0
6.58452819008380 3.31412287894636 0
5.55611865071114 6.06818717159331 2
7.87115983862896 6.03138547576964 1
7.73807450174354 6.68501001596451 1
5.99172996706329 3.53636539075524 0
7.56133060250431 3.12013299297541 0
8.80522504565306 4.86124018020928 1
8.68029743316583 4.45230433251709 1
8.33792830992024 3.25780819356441 0
8.13342003570870 4.06905227713287 0
5.90189836209174 6.38040610589087 2
8.23549726337660 5.96094668470323 1
7.61079306062311 4.32650068588555 0
8.88762251578737 5.36821997817606 1
5.82797317381483 3.79330689925700 0
8.61025265883654 5.98068884387612 1
8.21816412825137 5.66217045206577 1
5.75872916565277 5.34076806250960 0
8.00357075256761 5.78726452495903 1
6.82950933091342 3.70379606354982 0
6.58604053407908 3.78002636041492 0
8.27016304875724 4.64869165699929 0
5.69312025990803 4.77149636670947 0
6.98002426023595 5.68418083526194 0
7.31157487526070 6.81449108570814 1
5.84644391376060 6.41740581486374 2
8.02321480575483 6.32506619393826 1
8.01452734437771 5.41187163908035 1
6.40626694087405 4.74063553009182 0
6.99258180579636 3.27557329554111 0
5.58703547890764 4.20435918401927 0
5.68771450745408 4.21719821542501 0
7.36492848047055 6.74837624467909 1
5.68972866726108 4.61577372532338 0
7.28564858878963 5.30173402093351 0
8.72811223356985 5.71928253024817 1
6.47567674354650 4.00714412890375 0
5.89677345438395 6.17468074429780 2
7.42655098950490 5.88695185910910 1
6.13985538948327 3.83100405707955 0
8.90483329421841 4.39646036829799 1
8.12064768059645 4.07953205239028 0
6.92508287914097 5.66766382753849 0
7.73880296689458 6.61999825201929 1
8.36558094806969 5.85413286276162 1
5.68609831575304 3.42390964366496 0
7.41221239976585 3.10026036854833 0
8.25486331013963 3.85306108556688 0
6.79948234232143 5.71750986762345 0
7.73298739595339 5.92475905455649 1
5.98675311822444 5.82351272925735 1
7.19278877298348 3.34166659042239 0
8.96909615898039 6.32525558117777 1
8.77728497423232 3.66917538084090 1
7.27214834711049 5.03547335695475 0
7.98265855619684 4.12879919353873 0
7.54280319716781 3.91963394358754 0
8.50089738040697 5.44284208677709 1
7.38826444896404 4.33881359919906 0
7.29952079325449 3.86995412316173 0
7.53506287559867 5.37021066248417 0
7.45283899782226 6.22221873886883 1
8.11702637781855 4.01474283542484 0
6.75899110606406 3.68513949774206 0
6.91373671276961 4.82414344232529 0
5.83808665280230 4.06879542302340 0
6.83541898289695 6.79049233719707 1
7.92379389295820 5.75915344059467 1
5.58510566118639 5.86242812313139 2
7.09668050135952 4.84356968197972 0
5.98722653125878 3.67780547402799 0
7.19366162258666 6.67277201451361 1
5.67932248825673 6.37716112844646 2
8.94096030853689 3.75713323894888 1
8.75786261900794 4.67249065078795 1
7.16476420545951 4.89149145316333 0
8.86985885293689 4.18086181674153 1
5.54289383953437 3.72055732272565 0
7.03770246985368 3.21913917548954 0
6.57506300241221 6.56863449979574 1
5.99137617100496 5.30754588171840 0
8.03218930191360 6.54863926209509 1
7.45077232702170 4.38850399851799 0
6.26918974902947 4.44572254549712 0
6.02747702924535 3.51195365004241 0
8.40344716841355 5.13936381507665 1
7.03316800238099 6.34836915042251 1
7.37254168221261 4.32328834570944 0
7.90280122449622 6.52450251951814 1
6.22286432364490 4.52672514785081 0
5.56860025669448 3.58238296676427 0
6.20501989044715 5.43547008372843 0
8.03623452107422 4.44467608258128 0
8.87750791874714 6.90413613151759 1
5.94232999684755 5.64277918078005 0
7.30887261999305 3.23453440517187 0
7.00570038647857 6.77653082180768 1
8.01577514584642 4.12901063822210 0
7.54198734788224 4.86810636520386 0
6.71274735720363 6.57800590526313 1
8.06706103147008 3.32635087333620 0
8.76762614096515 4.47682984173298 1
7.08733874198515 6.95181179512292 1
6.11592839402147 4.99079672526568 0
6.28454758482985 5.72429448924959 0
7.06105269922409 3.03258896060288 0
6.45880359748844 5.31882216408849 0
6.99066439503804 3.63756724912673 0
7.22549655952025 5.30151307210326 0
0.66719993390143 1.13536134478636 3
0.45002357615158 -0.71744616283104 3
0.95062831835821 -0.06571408442687 3
-0.06479232665151 0.32487392565236 3
0.62455625319853 1.26543801312801 3
-0.58860831987113 1.28061508131213 3
0.02436380553991 0.71458665607497 3
0.85093209287152 -0.50697717699222 3
0.65766281029209 -0.88051239878405 3
0.42315407516435 0.80454046861269 3
-0.43587815109640 -1.28120590338949 4
0.78568541165441 0.58078828430735 3
0.52941242093220 -0.95917211670894 3
-0.67130593676120 -1.89692617498804 4
0.46414879942313 -1.51867411111016 4
-0.49378764210269 -1.89932783786207 4
0.01675898674875 -0.22598346660379 3
0.23562756879255 0.36816084221937 3
0.21656865952536 1.14186441060156 3
-0.49316462362185 1.08788041025400 3
-0.84370314097032 0.80170515284408 3
0.61863612849265 0.03882932232227 3
-0.92513829562813 -1.86009291803930 4
0.07975246943533 -1.48794425360393 4
-0.46450196579099 0.50009644275997 3
0.62810028484091 -1.61014646338299 4
0.38892964413390 0.58798571547959 3
0.78921611979604 -0.23282202484552 3
-0.92038830323145 -1.77667219412979 4
-0.73908642306924 1.44140102423262 3
-0.86506044445559 0.87733923504129 3
-0.92285035457462 -1.82615596288815 4
0.23519351845607 -1.81558960815892 4
-0.80356769775972 0.57749651942868 3
-0.24678168399259 1.40355739882216 3
0.68556175753474 1.30492348433472 3
0.65079256007448 -1.96611022716388 4
-0.91822459083051 1.22514376358595 3
0.85870619863272 -0.02015076112002 3
-0.90797031950206 -1.33382736984640 4
-0.61065303627402 0.61769666918553 3
-0.15693359635770 -0.09442158334423 3
0.66687517147511 -0.72128194593824 3
-0.03061364451423 0.47913754486944 3
0.70868944237009 -1.41081614163704 4
0.17849127016962 -1.10280349350069 3
0.15173782035708 -0.54057875217404 3
-0.06503133336082 0.77552776166704 3
-0.52259378880262 1.46981071855407 3
-0.52557433955371 -1.65800814947579 4
-0.53749826829880 -0.17621142114513 3
0.97797580249608 -0.13296341965906 3
-0.06489834701642 -1.73017420561519 4
-0.86163875460625 1.29400767455809 3
-0.61445756768808 -0.28402325056959 3
0.30167661607266 -0.96673145145178 3
-0.84109024656937 -0.84803556185216 4
0.62453293707222 -1.87207791628316 4
0.92797746742144 0.31467756978236 3
0.44327383488417 0.64426705508959 3
-0.94616579357535 -1.38273295946419 4
0.54126454191282 -0.30818267224822 3
0.68868353078142 0.87514443555847 3
-0.22687890520319 -0.18088978412561 3
0.85950419818983 1.26991460099816 3
-0.93242430407554 -0.37217016518116 3
-0.22060769563541 -1.98751952347811 4
-0.53431503428146 -0.01104091946036 3
-0.65333410724997 -0.86786412552465 4
-0.60229676030576 0.82483736111317 3
-0.32502329070121 0.29447929735761 3
-0.83366409456357 0.99992940749507 3
-0.88521873438731 -1.58294970309362 4
-0.97803941369057 -0.22716869541910 3
0.73704029060900 0.82812348194420 3
-0.61890082852915 -1.41035447793547 4
-0.35769897140563 1.17896281555295 3
-0.94120829040185 -1.82925670535769 4
-0.72313279006630 0.30716062488500 3
-0.52723102271557 0.01784001698252 3
-0.31339407106861 0.22000374109484 3
0.92509300680831 1.21156593132764 3
0.93084590323269 0.12163943296764 3
-0.51651914138347 0.75283138453960 3
-0.03485848614946 -0.85956984304357 3
0.75181235466152 0.16309975693002 3
0.59425775660202 -0.27601496141870 3
0.37094421545044 -0.08978361776099 3
0.14898649882525 -0.15701914113015 3
0.32631005067378 -0.41313484788407 3
0.21306996792555 -1.62403167702723 4
0.60338641144335 -0.25536783563439 3
-0.32742360513657 0.22745769366156 3
-0.04345508199185 -1.95855174481403 4
-0.27964068111032 1.11656742647756 3
0.95395901054144 0.04036722180899 3
-0.72176489280537 0.16445994551759 3
-0.91680730739608 -1.83502532134298 4
-0.38975067762658 -1.97594851197209 4
-0.83665999071673 -1.81363971601240 4
0.69678050279617 -1.49135580903385 4
-0.77840501442552 -0.70115218032152 3
0.45535267842934 1.47275586018804 3
-0.77079633343965 -0.28449444461148 3
0.97245563520119 0.93932982138358 3
0.78982336539775 -1.66765428648796 4
-0.47041102638468 -1.55692473624367 4
-0.16179262800142 0.63209025294054 3
0.72735881106928 -0.80886907386593 3
-0.80275426292792 -1.57241975679062 4
0.27593512693420 -0.37116330245044 3
0.13301195390522 1.34935677982867 3
-0.10396368522197 -1.49318949296139 4
0.90044795954600 1.49219281692058 3
-0.95282168406993 1.10821940330789 3
0.60779365617782 0.72421001398470 3
-0.06137127103284 -1.27149779838510 4
0.68253588071093 -1.08098934311420 3
-0.90121073834598 -1.40355552826077 4
0.29846873972565 -0.07458264182787 3
0.89139142958447 -0.00998190022074 3
0.94543540105224 1.05180705105886 3
-0.76438318286091 -1.69509482220747 4
-0.17188581218943 -0.38182209373917 3
0.49909595353529 -0.10282051458489 3
-0.18329424317926 1.24366289109457 3
-0.96070335200056 -1.84761879208963 4
0.44414567900822 0.86832632578444 3
0.96722603589296 1.21562322089449 3
0.95996540319174 -0.12392582849134 3
-0.30128316255286 0.23831302509643 3
-0.80639136256650 0.86778247379698 3
0.10721554188058 -1.94724581856281 4
0.04384922422469 1.37285903422162 3
-0.75892172520980 -1.76476167596411 4
-0.45780954184011 -1.32803731283639 4
0.35540803894401 -1.71250313089695 4
0.40306880045682 -0.80546692002099 3
-0.45377362892032 -1.36740967002697 4
0.36241435166448 -1.40515200491063 4
-0.39721094351262 -0.34859361895360 3
0.28555096313357 0.14411696267780 3
0.61031539831310 -0.84143378143199 3
0.87506102444604 -0.22979352960829 3
0.36097152438015 -0.24169165466446 3
0.53100584819913 0.54075634852052 3
-0.96428872598335 -0.55487194343004 4
-0.60626590251923 -0.22373720898759 3
-0.69654607912526 -1.19259670330212 4
0.59441929357126 -1.47460427728947 4
0.87934166751802 -1.50328033545520 4
0.50488717900589 1.06919219845440 3
-0.55766844470054 1.35169376677368 3
-0.98444802686572 -0.23833301686682 3
0.48488047393039 0.33447175088804 3
0.09261622047052 -1.00362961005885 3
0.11922019207850 -0.90973319718614 3
0.33402537228540 -1.04409597208723 3
-0.64714653557167 -0.24106799555011 3
-0.46605768194422 1.20677226141561 3
0.85350591130555 0.14548405271489 3
0.96335056750104 -0.49893731833436 3
-0.04303903551772 0.43173938861582 3
0.39749763254076 0.67931964271702 3
0.69806725159287 -0.17493783112150 3
-0.29010089533403 -1.23729902494233 4
-0.62245461437851 -1.03288652759511 4
-0.10595227964222 -1.13176040130202 4
-0.36465590167791 -0.74119913403410 3
0.39585362188518 -0.72610686183907 3
-0.70288921799511 -0.03343171044253 3
0.84634733945131 -1.15731609647628 3
-0.44270132901147 1.16777916043065 3
-0.04075279273093 1.44787584210280 3
-0.81953479070216 0.52643562806770 3
-0.34857295174152 0.06755036010873 3
0.44947004783899 -1.88559109054040 4
-0.88326465897262 -0.66375501651782 4
-0.20982194365933 -0.86019084637519 3
0.09891238855198 0.91345508757513 3
-0.57907197484747 -0.53259547986090 3
-0.04875730769709 -0.50709832762368 3
0.40923798643053 -0.36662965721916 3
0.69603800680488 -0.74365883867722 3
-0.38649303372949 1.31404461490456 3
-0.70384893892333 0.15047171129845 3
-0.68761349376291 -0.30979798873886 3
0.22983969422057 0.40075619600248 3
0.77200200734660 -0.58605063392315 3
0.99926396738738 -0.17836639366578 3
0.65177873661742 -0.05915127694607 3
0.48267782200128 -1.57743963843677 4
0.76606405386701 -0.51961385004688 3
-0.71757094562054 0.85037243261468 3
-0.80018418282270 -1.46204833872616 4
-0.66642979811877 -1.71088156895712 4
-0.58461517794058 0.74751496792305 3
-0.20671101519838 0.57474514073692 3
-0.94964695349336 0.63966198649723 3
-0.52852598624304 1.03202573407907 3
0.61641271272674 1.12494543497451 3
-0.67936778627336 -0.20513771206606 3
0.65251046279445 -1.93512434046716 4
0.15252490807325 -0.13243070093449 3
0.43588767806068 -0.74144994700328 3
-0.95758123882115 0.85446181974839 3
0.11486480804160 -1.31824937218335 4
-0.21785451052710 1.14070559130050 3
-0.21927134785801 -0.38307680806611 3
0.89853829052299 0.57483249716461 3
0.69362923642620 -0.39483613485936 3
0.10023471713066 -1.91198395623360 4
-0.37729122396559 0.56422250089236 3
-0.03018969902769 -1.94706911325920 4
-0.84413150558248 -1.88775555836037 4
-0.66803650418297 0.93696072627790 3
0.36801536148414 -1.07417845912278 3
0.47954123280942 0.93559527094476 3
-0.31993181724101 -0.68693055422045 3
-0.10862082336098 -1.88838805840351 4
-0.24349598167464 -1.80274913331959 4
0.31582668982446 -1.86110266391188 4
-0.87706588767469 -0.15195647033397 3
0.34078893670812 -1.35015074850526 4
-0.33928634924814 -1.90269410482142 4
-0.26293181302026 0.03769916167948 3
0.32360108848661 0.64222506538499 3
-0.95506040286273 -0.53241293004248 3
0.42731239134446 -0.86315823416226 3
0.11657676100731 0.39904022624251 3
-0.12754815351218 -0.28630029701162 3
-0.86652798764408 -0.25193563371431 3
0.48864810960367 0.65991714433767 3
0.49201635969803 -0.96427587512880 3
-0.76973828719929 1.20699762320146 3
-0.00643639732152 -0.38348384690471 3
0.80939988559112 -0.84795278764796 3
0.83205432957038 0.51679012831300 3
-0.17198023386300 -0.56685356714297 3
0.18059499748051 1.42295955086593 3
-0.45365694304928 1.37112946365960 3
0.72111565107480 0.82169838401023 3
0.34479385381564 1.08328125381377 3
0.28246229374781 0.64457818912342 3
0.73098863894120 -0.18174073635600 3
0.51795687619597 -1.28235767537262 4
-0.57647763844580 1.05176671070512 3
0.90086882049218 -0.77193715283647 3
0.58160723140463 0.91340356506407 3
-0.79761181352660 -0.45546830503736 3
1.09365297114174 5.17373174280929 5
0.41907818306234 5.35870729518209 5
-0.31137273512751 5.43442998535568 5
0.98099119236726 5.33788316083431 5
-0.61542322892397 5.10485547405277 5
0.45397338300013 5.04399455360693 5
-0.70711624662784 4.58336767123026 5
-0.67410720867964 5.21673251099852 5
0.00394390359597 3.30947909633697 3
-0.67754008229123 3.76133026129284 5
-0.23769448304503 4.10394939660287 5
0.06081749919409 5.69091168774896 5
-0.68143705318337 4.88762393908306 5
0.12100228270336 4.14847838509125 5
1.97669204884812 4.51279103099999 5
-0.30605977500573 4.65843376168408 5
-0.81264641133256 4.59682785425159 5
-0.41189141319048 4.55806608440487 5
1.09748569536935 3.12913263800392 3
-0.43326402492718 4.48321838866005 5
-0.75605341776340 5.44937102998063 5
-0.74814370096517 4.95973295426611 5
1.06990457866798 5.85708819789329 5
0.93904038403944 4.49417914083563 5
0.80158172019673 3.23941837178142 3
0.01418552722627 5.53019451171120 5
0.46560625397137 5.33279437149721 5
-0.08904012502705 4.75813897872362 5
-0.16015594933750 5.55847379908118 5
-0.71605281091149 5.09163371071106 5
-0.67584330069268 4.56923269377116 5
0.28591478575918 3.77426991835329 5
1.27732032099961 5.00500575938044 5
1.13948884626427 5.08806875403973 5
-0.05134747272460 4.76726044130204 5
-0.20006806408793 4.73153130077114 5
0.75650479974341 5.43909273883814 5
-0.43550986461371 4.48013490502914 5
-0.34858871042487 4.33003227764815 5
-0.13433281855210 6.35295010032135 5
0.54876439710821 4.71942382812403 5
-0.33377894137230 4.87569961053342 5
0.24311445581235 5.55318973630492 5
-0.85061753462624 5.20902453328225 5
0.10368674424055 5.12291825793429 5
-0.53232002686410 4.48721844488928 5
-0.09480410865280 3.89273655139422 5
-0.35670118275768 4.44971183251212 5
0.92441239910457 4.93219486662184 5
0.53944366084505 6.66251122810403 5
-1.52579708493139 4.20998284758266 6
-0.03095613468666 4.07260525003838 5
0.29681133108515 5.32511325276655 5
0.66460505029127 3.75165144054978 5
0.42463826187331 4.82425437383643 5
-0.74369454884360 4.21075084802350 5
0.05504446812968 6.23689263501385 5
0.53758076696484 5.77664598014850 5
-0.36765119498262 4.95216800334856 5
1.08596376413614 3.34568538304611 3
0.16581214095478 4.62699116928572 5
0.60268438236718 4.72027592062420 5
-0.61105893266822 4.85509857352118 5
0.34661935464171 4.48211136793306 5
0.69629967200213 5.37900648469496 5
0.95461059762705 5.04709059497702 5
-1.47402738005807 5.54473557435159 6
0.19564450480782 5.65542634003652 5
-0.02181054081423 3.55337386235607 5
-0.57038933954231 3.26169372547156 6
-0.35273710251892 4.59806345966576 5
0.27358523053448 5.14983692708613 5
0.46153394765443 5.52885718469733 5
0.24234620051646 7.49226008745855 7
0.21518886636267 4.34584233235047 5
-0.29190430415552 3.92527903107763 5
-0.41523361421206 5.06802415143677 5
-0.64050552563803 4.92913053713921 5
0.69689560682778 5.45453038366506 5
0.13222769404806 5.18680252348680 5
-0.63263155850512 5.27812417440561 5
-0.58984060049524 5.57790113406585 5
-0.00651337265281 4.72136350841195 5
-0.94649429230675 4.06012470020236 5
-0.65843169163799 4.16138090389366 5
0.11347007808742 4.33446594289204 5
-0.40993482761316 5.42352613161006 5
-0.54153515575330 5.30349934547341 5
0.12353756735880 5.57336057996947 5
-0.16133647357041 5.64050563224349 5
0.96694320919815 6.30995157344795 5
1.31845640467099 4.86246247436168 5
0.79253525684993 5.92787536184219 5
-0.47639509906716 3.69208265401535 5
-1.23308796430262 4.09134031400263 6
-0.24986438479881 3.93548506561827 5
0.80753313956537 3.66234488173995 5
1.23656161143644 3.90047825377031 5
-0.54286220409974 4.26152126980731 5
-1.41078448398418 4.44917705113806 6
0.72930167834702 5.14449729760965 5
-0.29965811425488 6.00877143356660 5
-0.48097128042900 4.25534413392655 5
0.38247515240597 4.42851871106712 5
1.02300555607901 4.78036519534686 5
0.20787145772789 5.28119992657530 5
-0.10782904859680 4.78061031468699 5
-0.22538709891845 5.30598294641275 5
1.31552653544617 4.62538186203420 5
-0.25553498980758 4.43353195966356 5
0.75753791584166 4.81897019002735 5
-0.54305916166295 3.87583232513762 5
-0.02504029342631 3.84809467548618 5
0.67190819035627 5.82626808111847 5
-0.41923145005935 4.40260671670160 5
-0.37635720801363 4.11239139205031 5
-0.97571515182533 5.22237483096555 5
0.13763938544188 3.59539956283246 5
0.10270204459761 4.83716738370884 5
0.41060708882406 4.79012567433035 5
-0.80340223449796 5.49608110010689 5
-0.00311677377907 6.37661493171055 5
0.97391084920876 4.78577541860515 5
1.56969684181256 4.79422842568425 5
-0.34794066447937 4.15751864245221 5
-0.72048221931929 5.05801584083634 5
-0.23312472086949 3.14093663712794 3
0.56396131756114 4.11401837800642 5
1.21646227654295 4.84169222099963 5
-1.03257549066738 4.55283731955684 5
-0.70241431081329 5.14272911765701 5
0.80647615435450 4.29291581607971 5
0.41547804200235 5.15521079969389 5
0.12096102238125 5.80769458864283 5
0.62084858286228 3.77802659781176 5
-1.58086767867608 4.67325674794292 6
0.26860670125803 6.13571662294600 5
-0.16023943732939 4.71615655010934 5
0.84677935146140 6.06573333185690 5
2.68844971250783 5.29244041390575 5
-0.18351331064363 4.89216494746918 5
-0.56998247251026 3.61918396134155 5
-1.54187782410988 5.27239008727696 6
-0.42253393019304 5.77602298371937 5
0.62532560245985 4.17270901502855 5
0.83086145473419 4.61595173147970 5
1.38431607712276 4.55414130369301 5
-1.41419639818496 6.00338871841161 6
0.37970741520199 4.80188651861568 5
0.09592933099828 7.06925109458966 5
0.89693506052551 3.82605056927952 5
0.52283857508941 5.22648408117477 5
0.04959379023825 5.96877021672820 5
-1.73196508551674 3.59450553306235 6
0.16131162862200 5.14783642368411 5
-0.00892761950073 4.79149314556307 5
-0.01203272715907 6.06763484779015 5
1.41660128674458 4.27528581231827 5
-0.19530407734324 4.53571155345153 5
-1.27274408502661 5.06933004336714 6
0.48772051551535 4.75898577498039 5
-0.34110787873364 4.64934568658209 5
0.19744367530676 5.87790636162207 5
-0.63061267186018 5.59673488441185 5
-0.88189503483687 5.37826538762665 5
-0.23980123916106 4.80138676153382 5
0.27339031876800 5.02509447020265 5
0.11237457660211 3.16341922058834 3
-1.25918643932331 4.52812124949584 6
-0.63158530575606 5.02512287458913 5
0.39559310927804 5.58022260845656 5
-0.93042565114021 5.60856883592864 5
-1.02045536322360 5.41599129684670 5
0.05732173340684 6.17518913664529 5
-0.31448436923782 4.99574571496355 5
0.16293862847057 4.92446165078415 5
-1.11545157747164 5.27015386654387 5
-0.56814508630422 5.21175383315322 5
0.19394502903870 5.51742264762172 5
-0.47337885706231 5.40750098178529 5
-0.82033455007030 4.98449645232654 5
0.70495324984513 5.14002058192143 5
-0.34466008931046 4.36141415818426 5
-0.83091782789809 5.09217583203868 5
0.01127924914704 5.28790586880970 5
-0.31467371688616 4.46903633825366 5
-0.46062375931170 4.45800936368624 5
-0.69198796375300 4.12087549310102 5
-0.33436284524934 5.07520745900818 5
0.29190592178286 4.15596989332330 5
0.31822785376771 5.98649227193097 5
0.79350468128976 5.08327079918268 5
-0.62060957162051 4.26294495491206 5
1.07903796008110 5.92223299280889 5
-0.00431488920479 6.65355786265571 5
-0.43072970722428 4.44777612278780 5
0.94460813300999 5.10030764304637 5
0.80428590762769 4.46286591914076 5
-0.19463804766480 4.85039905278368 5
-0.32182298576126 5.55361151302443 5
-0.62550068597907 5.38088363198854 5
0.01195603224115 6.08020812657969 5
1.19134279580571 5.04975009625051 5
0.26302302471815 3.45323123812309 3
-0.05783197641423 5.18418442510388 5
-0.81486308821071 5.63423440587149 5
0.83500065087126 5.17953696289616 5
0.80343451903144 5.63036264656487 5
0.12770736112599 5.03030918738261 5
-0.30048232374975 5.77791309070109 5
-1.13805280733903 5.53919618196217 5
-0.50840434607845 3.59162599410822 5
-0.99227536098133 5.05863781650537 5
0.61331522319618 5.97716741210889 5
-0.15108930635757 4.83120722970506 5
0.21173877367672 5.87825559718680 5
0.03269516570220 4.87882860122102 5
0.37278140625703 4.69683251680245 5
-0.33888588132236 5.42149766036316 5
-0.11735737678018 4.88226974353925 5
-0.08085875394368 6.57218148690315 5
-0.39152249782283 5.10557095493244 5
1.19527439552384 4.44353721111254 5
-0.01076130380863 4.71699171153741 5
-0.23669093220259 5.84915182121408 5
-0.20064401033383 4.78232223250800 5
-0.39127319545757 4.75701907662815 5
-0.04015195719443 4.24261779537544 5
0.37082933099318 5.00807300616266 5
0.62275579359980 6.14883215063920 5
-0.50865265576920 5.17384427463256 5
0.98301699615786 5.01846812938085 5
-0.82116856641763 5.84082884362630 5
-0.52997194090232 5.61103437145537 5
0.42868474575806 5.11585807974594 5
0.82699706565640 5.45094400306630 5
-0.01773546408909 5.27888381531871 5
-0.38272440806055 5.98172000981780 5
1.39149750394088 4.69036440245720 5
0.14970881626832 5.01570303203526 5
-0.40688974999596 6.27459614344835 5
0.14700314132643 5.32694888406132 5
0.13769578604236 4.12381282874819 5
0.66489710875873 3.99223141271662 5
0.37649969303781 4.59197538517041 5
-0.56038469430412 4.78490869139747 5
0.96757461387623 5.86962017107740 5
-0.65936805975217 5.85020451114450 5
-0.09502028439556 5.10852524741273 5
0.43404544710264 4.98284921448382 5
3.25583718870344 1.83952515606247 8
3.52252580980032 2.85020745383402 8
3.06918643656265 2.28885881575625 8
3.23935642549839 2.89422368950049 8
3.48986405290379 1.74791242931842 8
2.96190211765868 2.19629403026187 8
3.56648321508459 2.43379550598315 8
2.76822017995378 2.59314431853036 8
3.58494011090968 2.51365574615776 8
2.37903900287957 2.61674931186668 3
4.96245848069996 1.82793565492296 0
3.95693608224625 2.79170155934949 8
3.14571937690516 2.83036502837110 8
2.52294832779714 2.68345538038990 8
3.80725905708921 3.16873399928642 8
3.38418210014189 2.88309332830223 8
3.11306869381430 2.24522633471243 8
2.53261318023806 2.60367763383570 8
3.29943458356687 3.07927202186181 8
3.09379719621361 1.76147333128276 8
3.21665959807196 3.27323948905085 8
3.60158337933701 2.47606921121592 8
3.38173937393291 3.30174277631213 8
3.62579359792130 2.55894789225552 8
2.74518214194065 1.96970439510582 3
3.63786800087423 1.90041156840350 8
3.71779795601522 1.95430291813524 8
3.55508884594877 3.02235220278550 8
2.51939974339404 2.67072578710878 8
4.89887684280966 2.02849974270074 0
3.79792187725358 2.28510760726325 8
4.17667939621407 3.15512352360485 0
3.22846823936291 2.33878267352879 8
3.18588249205450 3.38687714567587 8
2.97586912750254 2.52258650064630 8
2.67934157203364 2.86202223951204 8
3.65635157812494 3.26071339845516 8
3.41272391303512 2.24754431956190 8
3.59225733123335 3.26434300761614 8
3.89897549467457 2.68353632405193 8
4.14043911066590 2.63581702332498 8
3.30383345497291 3.25777050175661 8
3.72569957776562 2.43262581936084 8
3.46372471167649 1.22791935692676 8
2.92727034694640 3.62714457095157 8
4.57985275460758 1.44782759794828 8
3.75311687306457 2.41196780486181 8
3.44292099314534 2.75624619335787 8
3.74314544420465 2.95381706324965 8
3.28800391711394 3.60581797389727 8
2.74994203918900 2.58928799991401 8
3.43798346903103 2.97090736432469 8
3.57047297549883 2.60569470509322 8
3.71342402931284 1.27992509999784 8
4.06236577840757 3.15915705982592 8
3.91106196345546 2.34153324710651 8
3.37541287792152 2.42855146282204 8
4.49389055601504 2.22941662378306 0
3.65756845058288 1.68077296116611 8
4.38862897626047 2.62949293552697 0
3.81174386667574 2.32350454331490 8
3.75098708546475 3.08488730667147 8
3.67772917034229 2.13184484467019 8
3.04338708209285 1.76942438387416 8
3.62225468286598 2.12994835311650 8
3.22022524354416 2.93537858316724 8
4.06922685982223 2.59913760619854 8
3.49599571803487 2.21862718412832 8
4.11306164229567 1.68725258203596 8
2.73826784850885 2.55306574641971 8
3.64093884264044 2.76923411444640 8
3.05451669597357 2.99138924273264 8
2.85224540903918 2.30658548701981 8
4.17001335364467 3.43269780141708 0
3.51825795959304 2.88953533766661 8
2.97831150193342 2.93674875115141 8
3.55536478045607 3.23198416329770 8
3.48421858193236 1.50258506160517 8
2.95307204690493 2.66988396097577 8
3.57179056763557 1.90905436262584 8
3.60182791127879 3.00620257724513 8
4.59355164266785 2.33682067267400 0
3.26395357495900 2.33244079659032 8
3.72371545566043 2.75416381083508 8
3.15744440183148 2.50169959720263 8
3.69813853163283 2.08008688909906 8
3.40282522535726 2.05258373855215 8
2.78768672262162 1.84338709563003 3
4.54331107911353 3.16996216082159 0
3.62695595539309 2.39777091036112 8
4.42237206604419 3.06251893941716 0
4.31953626507706 3.10925394076785 0
3.77484426885759 2.52654847411870 8
3.21525327519676 2.95054697516889 8
4.10374544984368 2.28574408100551 8
3.30194628167815 1.86356392752153 8
3.11034120253116 2.69113924270621 8
3.73407824399536 3.40968340357043 8
3.81856280950242 2.57857929216222 8
3.68803484017039 1.98980124567983 8
4.00297117984734 2.90006465563076 8
2.57858676619909 2.37224324636110 3
3.13876767997178 2.45823675141398 8
3.58541470212443 2.44822415960234 8
4.02571204085396 2.15246462736463 8
3.40270454405439 2.93942089529179 8
3.42392011650414 1.37024197878927 8
3.10700351237015 1.60714367762876 8
3.47544041478517 2.22350071432943 8
3.27760662346272 2.24496514815824 8
2.66713517959781 2.06348144275601 3
2.59370822974907 2.87405101973040 8
4.24742024366892 2.50681509028373 8
2.67322490779478 2.77997836117184 8
3.96225395212997 2.21233442318715 8
3.02974893518792 2.04605086950434 8
4.59663108318631 1.43851361152074 8
3.16428612352710 2.68469313212752 8
3.71533890620287 1.99814989311186 8
4.65186820455071 1.98997154823704 0
3.06114664539481 2.89685377468922 8
3.48012148254661 2.88846747363092 8
3.47295501956042 2.56058002807166 8
3.76587484107186 2.75668650776075 8
3.56081321381821 1.91305259969333 8
3.82548051424716 2.43719051047956 8
3.81783734173120 3.00099162467627 8
3.30277802685717 2.83050607030236 8
3.15946460914342 2.62750253497081 8
2.51071144561977 3.07836150376941 8
3.14522091635649 1.76753596207832 8
3.30433879694668 3.63767243878008 8
4.53126621916170 2.57149010882955 0
3.58808956284831 2.90535140905678 8
4.42275938164027 2.65943262018835 0
2.73754179250461 2.89542183369572 8
3.97162711742533 2.24714257629057 8
3.38099623201284 2.11449164264116 8
3.37183500396456 2.26366411747561 8
3.18015924254586 3.02040745345039 8
3.74833353063408 3.08042793927570 8
3.04505490088205 2.39442791296890 8
4.10553697611988 3.47590416104177 0
4.41855736341071 1.83073161544997 8
4.61482283855530 2.34360191884042 0
2.92217068149947 2.22552178592654 8
3.22525099346241 1.52539587214468 8
2.69376934623067 2.39750798478784 8
3.33260031485891 2.53578098853306 8
3.32323206832515 2.23844551274899 8
3.84442982769574 1.92235872284211 8
3.52507158591270 2.43327905726037 8
4.06322149228642 2.19835872555052 8
2.53492812179936 1.90563360118917 3
3.02383212208922 1.97397692745207 8
3.50543988088531 3.20879324950440 8
2.04337219798860 2.58034843702912 3
3.51327488667954 2.34635721589969 8
3.16900864791887 2.43886663754131 8
2.84632062579257 3.22601270657223 8
3.25258284087806 2.87594352129793 8
4.26227845707655 1.70569205486594 8
3.83619822058061 2.99109389942478 8
3.82493616436587 2.56079155575668 8
4.37919648887655 2.24624605400644 8
2.50586535369039 3.66197987680464 5
3.75237076545622 2.11422690555589 8
3.96885618948094 2.21681038437486 8
3.81801470881963 2.46151588468279 8
4.05631262911743 2.96891798846116 8
3.21711759725285 2.09914780659172 8
4.04221563102076 2.40599901149062 8
3.98982910910066 2.83962155544549 8
3.71661912910469 2.87841449014008 8
3.02717085507944 2.27634607477707 8
3.27706673553485 1.71109207255988 8
2.94882410145952 2.88278628620076 8
3.24898120418619 2.55235286832822 8
4.36069584778499 2.09270521894170 8
3.09506115378217 2.79276319839007 8
3.29916075572308 2.34642626499428 8
3.12853369332917 2.44294589392854 8
2.85353055195981 2.02461468679052 8
3.10926558865923 2.87994763254652 8
3.13552386730738 2.91180037982914 8
2.78127784079595 3.26738686680210 8
2.48824947295718 3.31286635145453 5
4.61735850871590 3.03962787619466 0
3.90494161035837 3.28436889039778 8
3.29028050115478 1.95479604198241 8
3.86528990746459 2.99254386308990 8
4.28288045831065 2.52005808942146 0
2.83407445438751 3.44828731324601 8
3.11730910936620 2.16341755335969 8
3.41857374953640 3.17238339717885 8
4.41200492040104 1.56323492710449 8
3.54523246546781 1.80460029507837 8
3.93437062223211 2.30165767980036 8
3.37759680646977 2.47928731699394 8
3.38089197764730 3.18645754084196 8
3.14019783226349 2.40396333488931 8
3.47246253568849 2.53787691452909 8
3.78759725930684 2.73384890664409 8
3.47636101003147 2.29952439126061 8
3.64436081767665 2.46589603765228 8
3.51404855768540 2.61710281159129 8
2.73556909214966 2.43666882160529 8
3.04014385121303 2.33405300463266 8
3.79125725795132 2.23220475661391 8
3.05130784513042 2.30787238071698 8
2.17025325449863 1.84791283808940 3
3.62965665401914 1.93496516389098 8
3.38120264362698 2.60509360977957 8
3.80454587114171 2.18665795161146 8
2.77096282595038 2.10262914332622 3
2.98957400360747 2.99762743257766 8
3.82454179469178 2.53881465243392 8
3.53735012804714 2.78660741960850 8
3.69372205464350 3.12020708316781 8
3.86314216375669 2.29929455292465 8
3.20850610262887 2.64978830827632 8
2.89635568733537 2.86582094457517 8
3.08876927137476 2.19705958872059 8
4.31690627023780 2.58664379038200 0
4.37411289730586 2.07376234522004 8
4.38415343353702 2.79761485964002 0
3.68770936428849 2.68331814976669 8
3.46080509381261 2.72876850750799 8
4.56020286621280 2.24166010720362 0
3.73141521899741 1.74443275991354 8
3.54888844953334 3.16792964672514 8
3.85693968968119 2.24141372561395 8
3.25822321051635 2.77058604503257 8
2.55268025966059 3.27177688774880 8
2.70253526809681 2.49959773978749 8
3.42551655387644 2.66256578674933 8
3.48107064452017 2.52279648057894 8
3.64988631663136 2.44748207433749 8
2.76190557560188 2.41974008603950 8
3.64916948212727 2.27985969462384 8
3.69461459735163 2.02009665637432 8
2.71134249362092 3.11052789354132 8
3.68210574660909 2.77745983101338 8
3.60756275150232 3.43706727430268 8
4.43850053113638 2.76237266469666 0
3.44447779917779 2.20358512190180 8
3.32799603812121 2.62346619341350 8
3.43784568388603 1.43912940842348 8
3.56108330973570 2.87322536125453 8
3.28608421532620 2.08674096485377 8
6.89370239568263 0.94581164606677 9
6.72382299781254 0.91848174455590 9
2.82353992362397 -3.19750438138935 10
8.55779009583158 1.99946756877255 9
6.14906793134992 0.25135583658387 9
8.05884894614465 1.66941990869557 9
5.40014598741674 0.01030020789338 9
7.32460787114075 1.41293963459940 0
7.76770781336396 0.89902094687417 9
4.42336331421144 -1.20452752590408 11
6.48913383650361 0.65141556514027 9
6.09374459586454 -0.21933689779957 9
6.58467309967208 0.63765904264116 9
6.12430202748619 0.45018419982963 9
4.94770653464250 -1.03664575569261 11
5.99814446141518 0.48871692237296 9
6.01040048312032 0.53702230312437 9
6.11386788010755 0.03503095658349 9
6.79303547893387 0.31010261049778 9
6.31841680020764 0.36112617683369 9
6.47396058336172 0.55845948319394 9
5.47391895878809 -0.51749849244787 9
5.61072540053326 -0.42759175889034 9
5.22335786220269 0.09591145586587 9
5.88586740939672 -1.14334241096488 9
6.05930317995405 0.58072013075127 9
6.16381759616884 0.65155877243354 9
5.73619207965698 -0.29515867597493 9
6.10312669643865 0.31367304920902 9
5.17385975445770 -0.50303580587312 9
5.82084731905888 -0.54230949573523 9
5.11416736467738 -1.25550159874305 11
6.28494973436804 -0.98050032513035 9
5.05989064834155 -0.40233887911303 9
5.46528019946691 -0.55025472017260 9
6.78057296403127 -0.14565469706084 9
5.72045225721405 -0.41690845142106 9
6.13562493719118 -0.80914178355290 9
5.79265409873183 -0.91890828655357 9
4.41357765324961 -2.11220816757510 10
7.75940763076647 1.02885755236801 9
5.46522634982654 -0.10207952013995 9
5.46810035626866 -0.31317192443914 9
5.47389403519774 1.25420306253468 8
3.86798482449093 -1.58107958115467 10
5.25432151575176 -0.30565289138361 9
7.94010493629375 1.83731154828603 0
5.99967846151662 0.44219135968190 9
7.91157465334096 1.27141946587845 9
6.38810634139379 0.65300496842240 9
5.96093325271972 -0.72406327642695 9
6.03189765327658 -0.15433227915745 9
5.05052932745972 -0.69505897971509 11
6.25983106380649 1.08699607870412 0
7.61578150524476 1.60003264492890 0
6.19196506971618 0.32370427002274 9
5.29647830792407 -0.39906121271576 9
7.82891972572541 1.96230353648314 0
6.00916844513676 0.39203239860796 9
5.91777515133123 -0.11156935840695 9
6.87418797367550 1.37153043698669 0
6.60941622207869 1.13460206127303 0
6.55442824231448 1.07305935657467 0
4.41447384325543 -1.54527973934196 10
6.03327183096060 0.41321018297696 9
7.72924994369843 0.98942398604846 9
6.86925602255176 -0.10612262323348 9
5.59438268022079 -1.11794174607860 11
5.37445863180617 -0.51825052324351 9
5.27359094756487 1.08277899094200 8
6.82972834456863 -0.23225689738570 9
5.30910979876249 -0.18557078630476 9
6.30609034531245 -0.07099784467391 9
6.83241745006356 0.41155303288314 9
5.04930238518051 -0.10191911064117 9
5.18197965084982 -0.88105359063141 11
6.73877048392706 1.17067928105565 0
6.61218176091171 -0.54393805657273 9
6.52729695004846 0.37495615270912 9
7.23278786429967 1.41903889290081 0
6.24655269826447 -0.15333950748518 9
5.38912923349097 -0.22843141388920 9
5.45760875666156 -0.29121681754973 9
6.05179552058036 0.16814716364888 9
6.74991992992490 -0.03791094438113 9
5.70292137452377 0.16020698233007 9
7.89032982091005 1.16614388343426 9
6.40947613631706 0.48135161670361 9
6.86978771967628 1.35500328503710 0
5.89826338566276 -1.11346219396974 9
6.70101512368412 0.97764621697379 9
6.68785299334955 0.88623931160701 9
4.76362905269671 -0.00378474420884 9
6.41443596870277 0.23563968768971 9
5.12549010828558 -1.26818297680393 11
5.56729763341174 0.22926638082736 9
7.20551983725039 0.44013907026096 9
5.54156160084205 0.31003421039135 9
7.56969873447968 0.58585075205902 9
6.65005087583998 0.80856772587775 9
5.63552976719269 1.51111834707877 0
5.91357008890282 0.32940963371262 9
4.52854428986370 -0.94723578641711 11
4.98032597248255 -0.17613753560102 9
5.66710608828898 -0.53848384383045 9
5.75088474885057 -0.19524817181086 9
7.38680969065026 1.47913030390523 0
4.88239481742964 -1.83266750574290 11
6.15321581082401 0.08326256963980 9
6.20349284484984 0.89589835237426 9
6.85898751487887 1.43435140410817 0
6.99137087554969 0.71796685911559 9
5.61649619648270 -0.27299602333723 9
6.90475840986208 1.12389418250419 0
6.44938629969336 0.96864877614770 9
6.04483263278538 0.09634255851236 9
5.38945160942515 -0.74365620262344 9
5.84384965007068 -0.48825165255599 9
5.68930306671347 -0.59951410440522 9
7.83694607685138 2.35270425969070 0
6.53653941179087 0.99471145865556 9
4.49447005180165 0.20181676838711 8
5.61341884048374 0.01519262433337 9
5.25096291345756 -0.90227564131959 11
5.12641668142716 -0.73506900569439 11
6.29980376878332 -0.44787235204597 9
5.23723782920162 -0.22053710736004 9
5.07770243011278 -0.10072620877860 9
7.08597166395321 0.81794062539997 9
5.99487281918366 0.56775557260417 9
5.36703787618243 -0.55106691685936 9
7.64616660578056 0.91521275300458 9
6.05747015663746 0.07974300530985 9
6.30877911576777 1.27335960365178 0
6.35327738264478 -0.42127321858497 9
6.19645101505731 -0.55766082638633 9
4.33969279556822 -0.51081622193232 11
5.88773976688673 -0.36750102875780 9
5.60381396394454 -0.27167774344745 9
7.17053741125635 1.41391310699229 0
5.17952963576523 0.57075471933210 8
7.42702661492039 1.31745695885572 0
4.53029973638091 -0.94510234844133 11
6.53661858310866 0.34196902001727 9
6.25374517858576 1.98787599543420 0
5.25948513947039 -0.76874112797392 11
6.64149640989251 1.40167370059512 0
5.10515614642688 -0.60899572566215 11
4.26138389706703 -1.22876391653222 11
5.23776016689045 -1.34597210762583 11
5.30727461408917 -0.27223059856418 9
5.85420251678565 -0.35547687386340 9
5.97630971325528 -0.05528417373616 9
3.83557416515359 -1.27556299885585 10
6.48094250516620 0.06299919424106 9
5.90360096466461 1.09735666840595 9
6.36473542283413 0.66693753513219 9
5.12620475711400 0.02166786806384 9
5.84177649396708 -1.30380075262614 11
6.32609469998486 -0.17418112564395 9
7.62232257447029 0.99468106403186 9
4.70907890813456 -0.41840805986260 11
7.25107934125727 1.23519889584686 0
5.67646226740600 0.95621516928362 9
5.24940798815868 0.44750841842681 9
5.22881407836180 1.69671617735391 0
6.10886600815213 -0.51696191983957 9
7.38941871169946 1.09030603737193 9
5.97786457298701 -0.61969643408217 9
5.57818770237892 -0.73722081268772 9
6.96135470080781 0.62089769359203 9
4.78935103230847 -0.17925396145908 11
5.75461163880105 0.27980569349529 9
5.50130367492847 -0.43853601211693 9
7.58954184978460 1.14354142871914 9
5.66926722799440 -0.35499382135405 9
7.15661992976208 0.50003296985699 9
5.87338378803884 -0.02116128458923 9
5.75649010231579 0.59923445540655 9
6.93150712672278 0.32203778487922 9
7.78421032876665 2.94380045350553 0
5.00150212462201 -0.02286399125911 9
5.94624440664659 -0.38585523875982 9
5.61706939956463 -0.42661886892102 9
6.72858642725541 0.70946569765582 9
5.80784766120481 -0.88346107057362 9
4.71172200272980 -1.99449259548111 10
6.45747394656722 0.24523784093706 9
6.78820446406183 -0.43173190081385 9
6.46059487406327 0.15432777900571 9
4.22013511887204 -2.74129793545689 10
4.52118300722943 -1.21399021128076 11
4.91243513931986 -1.13704977027489 11
6.39556313176177 0.28020158478080 9
6.07769218156518 1.34600690759960 0
4.91330132132685 -0.76528921795921 11
5.27337067575799 -1.25292145297099 11
6.16376711810146 0.67468474801294 9
6.56788410533033 0.83969067249112 9
6.26138245511825 0.11303378201018 9
8.84031767543255 2.05529704641708 9
5.57355088963278 0.15888017118361 9
5.40729384509664 0.07337550620104 9
4.62741349712893 -0.29938123121804 11
5.66801436145899 -0.43892827284564 9
6.38413181151592 -0.26225176194400 9
7.13974183679854 0.22000662762788 9
6.69979908390263 -0.21868022805561 9
7.90926189136226 1.45273547730343 9
7.90802058990193 2.00528166283111 0
6.84691092976824 -0.02070709417731 9
6.28509145536110 0.78873841733845 9
5.82696814157398 -0.46068778180266 9
7.35947438075068 1.09063715611781 9
5.35348903490368 -0.31733300492769 9
7.29134572793035 0.12200577651948 9
3.62362855506894 -1.85270399149936 10
7.92911820854396 1.90614972952931 0
3.63761216963096 -1.07664665640438 10
6.21575626506879 0.00169556572917 9
5.66611148926454 -0.23798864078620 9
5.89398591267547 -0.00638403821572 9
6.86776355289619 1.07971986769257 9
7.31321764484754 1.34087794897188 0
7.01596439252130 0.52658016061825 9
6.29550733085750 0.26614011405091 9
5.26431766850176 -2.05599868039220 11
6.72098566420892 0.62563534286352 9
7.39995813130346 1.06839301713852 9
5.17879024832648 -0.35306444438737 9
5.44902767582319 0.47112599285721 9
5.81720802158964 0.18235766031406 9
6.98782455934809 1.15920642853040 0
6.88648914957998 1.40303431845273 0
4.86224408287720 0.02422817706336 9
4.71970438576212 -1.05393386622816 11
7.17107234442709 0.01582772090881 9
7.83490427278092 1.36787309719376 9
5.47298421540540 -0.52862775507419 9
5.31365894047290 -0.66987003242085 9
5.31922713806002 -1.37251639910251 11
6.02807316705780 0.78418647695988 9
3.25077694819913 -2.07472733037444 10
7.72603511592778 0.96688435151281 9
6.38928719679151 0.04564356365986 9
7.55177367160462 2.05007548081463 0
5.16229582468012 -0.49553245474480 9
5.61146817033041 -0.48430108436046 9
4.96448671278990 0.00175569500595 9
6.11019808308649 0.05287170463997 9
