-6.25290762148467 10.44983243901260 0
-6.67125722482009 13.90762396169540 0
-4.34098445636928 7.99027110882503 0
-4.02514189514303 11.80851879205740 0
-3.84843729669302 9.25195427809541 0
-1.97643766309830 10.95491700888320 0
-6.24248116108361 4.57511534301565 0
-2.75013816371378 9.88993558561096 0
-5.03238052619789 12.31191711694100 0
-3.35755760980382 11.45475519454770 0
-3.16204525678356 11.91583484609910 0
-4.85087003326962 5.12710342619435 0
-3.76034850421058 9.86251322824836 0
-5.31159101341066 6.39740712146482 0
-5.95630011021724 11.02374356479200 0
-2.28264089694191 9.74822251618934 0
-4.22465677688126 9.86820510498214 0
-7.75411911365721 8.98347507388665 0
-5.78857990742070 9.85471244314632 0
-2.79994925603223 11.86939116778760 0
-5.32904719250717 9.37939316329131 0
-3.60607324919053 11.36354079533600 0
-6.37751138909904 8.26699786995251 0
-4.27083607572634 11.88251351559170 0
-5.22469242430046 12.15826433823660 0
-4.20378823926586 8.50084762741965 0
-4.31776061715115 7.23363668027225 0
-2.13395259659793 14.85096923799900 0
-5.73444295293302 7.44240294275291 0
-3.86056074511517 9.66918513307828 0
-0.19676447899045 9.90388201579832 0
-3.62052127509845 10.06859100070900 0
-6.48654641776481 10.46244480117680 0
-8.60991725778208 13.58986160088430 0
-4.69349332357620 15.32179000160310 0
-4.04898094220068 8.26099349953149 0
-3.77854729302189 7.71193743252935 0
-7.50726680047820 10.71389456447280 0
-5.88658374643687 10.00270754748380 0
-4.85131735169667 8.55597448915648 0
-6.13733746563700 9.66888136881054 0
-2.64382600685359 6.26803874990231 0
-3.81210762474316 10.81555851914340 0
-2.87380032544727 9.25490459913824 0
-4.25996238016742 10.65425574830640 0
-6.08504006198330 12.95865980139380 0
-2.67919476861010 11.71516615224380 0
-1.82633309091831 11.36800677090590 0
-7.55318441691607 8.59579224793440 0
-7.44922522979671 8.84040999681488 0
-6.24073335444825 10.10316239927520 0
-6.82184329710489 10.38708985706840 0
-6.30916928783764 14.32895203887960 0
-3.56658504796559 12.22946243929410 0
-4.23162928434731 14.12047305478750 0
-6.27147290789795 8.86920596817189 0
-2.13543552291667 8.40612595689984 0
-5.41476148720393 9.03782100594796 0
-5.63998573709701 9.31631482728459 0
-4.01162333746435 9.56563080259781 0
-6.01191492422852 13.28975982641450 0
-5.42915881709374 9.56017812140898 0
-5.20038148242712 11.74566880914960 0
-5.14712880825265 9.90781548301332 0
-6.36332095751131 9.20570329424313 0
-4.87967911913097 8.55750899632539 0
-3.93700761473486 6.28070927116058 0
-4.38688427842047 6.23648191694366 0
-5.60195225367322 8.70598379274348 0
-6.30418956136200 9.86063192626540 0
-8.82871885136002 12.88202875431930 0
-8.32994487242401 8.86458703612522 0
-7.23184021008569 8.16087655788994 0
-0.82566690874331 10.04261039200800 0
-7.57260106086865 5.98135357148838 0
-4.09962579745469 9.95453788013772 0
-5.63613674908769 7.72353695248121 0
-7.97492062028297 7.36632749792040 0
-2.99994239257217 8.47821360356237 0
-7.76885369476898 14.57880820590730 0
-4.14979924525510 9.41543637416858 0
-2.88303390258196 12.17128319231360 0
-6.23848609646229 15.40382535842060 0
-5.51005406028203 6.51071496565421 0
-5.28879920390844 10.50836303318390 0
-0.38404320188128 10.25916181491780 0
-4.08600238915317 9.81101467621856 0
-5.66800168473309 9.91493894984393 0
-3.42472078873968 15.08329136245580 0
-2.94521512247246 12.95875923206990 0
-7.46264684311609 12.41004210681560 0
-4.56015039267870 6.40598610364023 0
-3.95795451470372 9.61113222412852 0
-2.07082537606041 8.12348999983755 0
-5.86042350785709 7.73150428547988 0
-5.35420792287308 10.98472373032980 0
-6.46349634623921 12.03399055765350 0
-7.41616557260893 7.43297293023079 0
-2.11768458631144 7.51169205350397 0
-4.17605057536497 9.06655812158838 0
-4.18119632069813 14.13687779141730 0
-1.82682313311606 9.18944473642062 0
-9.57047107058493 16.11799644524230 1
-3.66586766646901 11.32597575693120 0
-5.02679904629182 11.24950534973050 0
-5.32875166353933 11.03048721349580 0
-5.80049348795529 6.64368985846679 0
-3.02432346509024 13.72259985160690 0
-5.61748113845123 6.93007959890372 0
-3.71551738864435 9.89048542776951 0
-8.46643681364968 10.00522196841990 0
-6.26060066785629 9.16480096102059 0
-7.31314472527171 14.41677760822630 0
-5.66226407278244 6.06731136478527 0
-4.60561312252104 10.64464604642050 0
-6.97165340081858 2.92361844700667 2
-6.28096340513023 11.39745260236670 0
-5.11944655208522 9.75951217359984 0
-3.87835854275977 7.09378173456309 0
-2.80644591145151 9.98690985754749 0
-3.58537866520384 12.53303628917220 0
-4.55303917016939 7.84761471537920 0
-2.67407088806534 5.10061648387350 2
-6.08958148000345 9.37373722038985 0
-5.33224207353001 12.49961587744710 0
-4.72755621379445 10.99735286818030 0
-5.13930962602581 9.39334873555030 0
-3.60889838676072 12.80767460388730 0
-9.80619242978374 11.40291966586090 0
-4.25055118644269 8.95831107811162 0
-3.09797438484637 9.04656751587100 0
-5.56866132359915 12.10021645676850 0
-1.56074540175880 10.66149670983410 0
-5.84436801957528 7.08727918123434 0
-5.66206595775802 7.69789770474688 0
-5.51786516623757 10.96602772732610 0
-6.70371418404773 16.48910710216280 0
-4.68797664866984 12.76843110884990 0
-9.57824795968021 11.81507473394070 0
-7.63249032090312 12.25304967367780 0
-4.20373968909609 9.00176292518769 0
-2.35148273964545 8.28234021886495 0
-6.16122860848107 7.54788396079265 0
-6.33635721350679 12.31522084832040 0
-4.13259570090968 12.46212719356390 0
-5.78023732810736 10.92191516919030 0
-4.51167015102701 6.50639726926478 0
-1.44314142504910 10.32932816639820 0
-3.46880200168427 12.33959749304460 0
-5.10113140288454 9.25090826609587 0
-3.21265259514897 7.43465392623855 0
-1.05732522755170 9.06029709064435 0
-1.69170939545002 13.70414948273860 0
-4.83406853282817 11.38940181282080 0
-7.04909695906892 10.79120111600570 0
-2.91277508328763 10.24269173738520 0
-5.90827381830872 8.39366907891930 0
-5.07184484524502 12.61890003130690 0
-5.96794986060255 9.70358697353038 0
-7.58828000764168 11.21081422154450 0
-2.38419695977171 13.66698659705790 0
-3.37059453820529 5.41997153722773 0
-4.03594099175248 11.11729948160450 0
-5.70680057165982 10.41761221033960 0
-6.72807190825381 11.66376881393400 0
-5.65420202930621 6.15654928190607 0
-5.73490151234096 13.34216936345170 0
-5.66856272946233 11.79486371241510 0
-3.10682871960443 10.01077458112900 0
-5.70464461109970 8.70251628357917 0
-3.52082154885041 7.39507196888814 0
-4.50757831292720 9.29087427105849 0
-9.52977871297589 6.54903525873331 0
-3.16796134241485 9.53146417265370 0
-3.39343356773271 14.62334933763960 0
-2.05223763778172 11.65896222503090 0
-4.24007462686651 9.52774223196802 0
-1.84421641019120 11.46046933507300 0
-7.34715388174272 9.61875520724539 0
-8.83781964053968 9.52171545926432 0
-10.18465533989200 13.21863483054650 0
-6.27108600206427 8.94677124500476 0
-5.33863666460393 11.49962213753180 0
-3.64331964555460 11.39119253096280 0
-6.14508520785225 6.66063205132021 0
-5.77744448867580 10.68074781681210 0
-6.64616224314405 9.83137483711139 0
-7.33532465225960 9.97964715490623 0
-4.74228919680519 9.64267914436272 0
-5.32782191347214 14.31980254168640 0
-3.47482697516336 12.72243903206010 0
-6.84641390565966 10.40255364753940 0
-2.69034962580545 9.86155135037487 0
-9.25872129646930 10.84469615710490 0
-8.80991089117106 8.01304703023118 0
-2.35199135740080 11.50799614764630 0
-2.81666208892928 10.75102546336510 0
-5.22031752496571 7.73590534310124 0
-1.81417249256161 10.11025299841610 0
-6.43025680133577 12.11935510797620 0
-2.85111808344420 14.64338692525740 0
-6.20599460721019 9.04257328235466 0
-5.83244406306038 9.07983099600109 0
-5.73326189140472 9.27574111243692 0
-2.11635917960026 8.29138710876051 0
-5.77633501184272 11.59838134638630 0
-2.75045510692974 8.10872250770081 0
-6.01617243227657 11.28260326553500 0
-2.96449154692406 9.38477491772814 0
-7.85998689477722 14.18647443730610 0
-2.12986085537675 8.25995316467159 0
-5.13013514731117 5.69019937997346 0
-3.86055405636180 13.94942694400460 0
-8.27456129420943 8.09045492311559 0
-6.28235386750113 8.33157563795984 0
-9.06657119123590 11.22710509988590 0
-8.06359627993148 9.93876853899410 0
-3.81403055794941 9.51452234800679 0
-3.21598321505295 9.93701119755104 0
-6.29532090117133 11.58325075727870 0
-5.86766548005918 14.34199291554760 0
-5.03651942232602 12.08896157931620 0
-4.58967419351195 2.63181581115097 2
-7.73222386265797 8.96116586388412 0
-4.52639267250888 4.26152374649973 0
-3.07660673323858 8.51946536464935 0
-6.50575455872583 6.18954536030827 0
-7.90778747600212 10.13798425460740 0
-3.98126118665222 4.86125720844874 0
-7.00872395889867 11.31236733813100 0
-5.90607416929984 15.30404793454720 0
-2.50850665450379 11.45866632630100 0
-4.99023110092362 10.68429137018020 0
-6.41181225053525 11.53832157446070 0
-2.03957207982859 12.65385045177350 0
-6.62648851332818 6.03457776299767 0
-5.21931139897648 11.07995399176330 0
-2.29801204038281 6.77007959289842 0
-4.27123081478510 10.57195545099090 0
-2.61208947748190 9.93163480954724 0
-5.71459770900851 7.19089053669931 0
-6.03484096718725 9.11298153345157 0
-0.29889134842179 15.99275351017430 3
-5.33340655896855 7.44354731314112 0
-8.94586986814935 11.26068288700790 0
-7.18114716746972 15.59624958367490 0
-6.77123514531592 10.27215406001940 0
2.62055336142133 7.28373633436829 4
-4.38486675115709 7.28867334394107 0
-4.30469270235608 7.86094747862920 0
3.20617090675004 -4.54721381824597 5
8.17569066241765 -7.76884361955790 5
4.83949648689802 -4.67563787167208 5
6.41590945854347 -5.58713785157432 5
8.96894787330585 -5.33995736261864 5
5.83530150158511 -2.59520664165387 5
4.21460928899237 -7.54665849492624 5
8.56445792061715 -10.66094001760370 6
6.75720916184253 -4.91229181149897 5
7.02565738425417 -3.94117093779262 5
9.18163841049829 -7.93920598731836 6
8.17927640058014 -0.21210085165985 7
5.00987555365629 -11.00542964934510 6
5.95447460522723 -6.46126311503614 5
6.58440654059930 -4.29053784928712 5
6.47787720752425 -4.21870976915730 5
7.15232870762401 -5.69604142166861 5
3.44664945204048 -6.45906428172662 5
1.54804044170793 -7.21087142517644 5
3.88187617019907 -5.60383000515059 5
4.23282754313711 -9.79880313262584 5
3.31658987972878 -0.33728000383105 5
6.24498786024147 -0.12326081434861 5
4.38903255031709 -5.22252202231524 5
4.63167709689748 -7.93636934509962 5
3.32342570479591 0.06138397636264 5
3.87550589331501 -1.87514793901178 5
2.90485474601004 -9.81539858798585 5
4.35405781248006 -2.70761433992711 5
7.27845960546817 -0.90538697559112 5
1.42351558647029 -0.02449228520395 5
3.59371133401223 -4.61257703643924 5
6.01246959496144 -7.00856960033929 5
1.00230601007175 -6.17402228655276 5
5.16835980864449 -7.19348526761945 5
3.15744866898453 -4.19056733075392 5
4.71667838212784 -3.93484486852691 5
4.89255474796563 -7.22195756058845 5
7.60702446484453 -3.10950886123018 5
7.10505119061529 -8.45387445238677 5
6.99196917955550 -9.15375873699863 5
3.93325571490561 -8.36135994490968 5
0.58416044239072 -0.53672958021891 5
3.69321317836244 -5.69732372677325 5
4.22610079271014 -4.05279462601864 5
8.20078170307905 -0.88202817982008 5
2.63278722354548 -8.32752710861246 5
1.97465841055799 -8.06946759763620 5
8.91871415429121 -4.98127151463616 5
3.31476960482073 -6.47253551134114 5
7.14891881282569 -4.36166827595025 5
4.37145603965616 -6.83621122976737 5
3.27560334062839 0.01665371512380 5
6.87984015522675 -0.07974151310463 5
4.15725285518929 -5.85936532091593 5
2.94523880382649 -5.61364403127235 5
5.94371893223389 -1.67129084740551 5
6.12833720536728 -3.88308144545290 5
7.46190732604183 -2.19010005792379 5
5.21319608185484 -6.91872611669383 5
7.48239965415475 -4.65986772670685 5
8.42126317647315 -6.05485065040612 5
2.91154083814588 -3.68320446860974 5
3.66082802569954 -3.43525220714953 5
1.55202033101487 -9.26806460931192 5
6.37960834656599 -4.18930909227466 5
6.74213541789611 -9.93877287256371 5
7.42515820702072 -2.05940054897008 5
7.06413665187087 -3.07369614387442 5
9.22014702755855 -8.56109230772633 6
3.83379230373870 -3.99638530737075 5
3.38603672917152 -4.79044507263631 5
6.49248633727948 -6.60116545886417 5
6.31421196660392 -3.65300296938197 5
3.38654128313466 -7.44307138712812 5
6.95178127685252 -5.41500034331610 5
6.44438355887494 -7.06839471624744 5
7.55458737000230 -8.28993551364083 5
6.53068133772139 -3.86294056625949 5
5.53598655608106 -3.36491002478716 5
5.79693456772756 -6.56294844543029 5
4.46457419195298 -4.11847869717518 5
2.37426781211858 -7.16527449181555 5
9.15418958916929 -10.14203165386380 6
2.52298806934343 -2.57394430595489 5
7.17732372639616 -2.94279051791253 5
5.11371727736678 -4.20666403572132 5
3.19066266481809 -6.59751764699147 5
4.47509072407810 -7.28944704175910 5
6.64232242526835 -8.97860618501160 5
2.93919266103941 -8.09108290579530 5
5.78436925179296 -7.77144641651321 5
6.08828896801632 -2.11790848310063 5
5.05045713847807 -3.73818658467198 5
3.69178047996516 -3.76633410943298 5
2.45576155534321 -5.18805015352649 5
2.30936124864117 -5.65234213214607 5
7.17512599003894 -3.28396637100623 5
4.11448097071920 -6.93147156842206 5
3.28644858045112 -6.82834572013833 5
5.59596724080283 -7.49738264931849 5
10.74179484714450 -4.46427207042056 7
3.06689134059775 -4.05979231122746 5
4.75620785736336 -5.85866268246201 5
6.19892724226133 -4.43349651923122 5
7.05249239362902 -6.28463207878670 5
8.59241248429301 -8.51304938502540 6
5.27737234092507 -3.89414423136328 5
7.42954824920068 -8.24430292953413 5
2.72074444800192 -0.89551601433491 5
5.79629241679842 -3.24734321794958 5
3.41360972894877 -0.28754512363564 5
5.14087997262811 -3.85050336455777 5
4.82029581185861 -2.80978475004135 5
4.25258024401716 0.53156487353643 5
8.14620356043001 -9.78709103458482 6
3.76135513240002 -5.07335665407078 5
1.55668315618655 -7.58043162454658 5
3.85867503319815 -3.81759604153920 5
5.19184778482132 -6.43990753832843 5
4.83643992814781 2.07515088734664 4
7.34565070560530 -3.65365456920194 5
6.55820902000923 -6.38428320217296 5
5.20590857159192 -4.31041594108236 5
4.05113765255357 -6.12187660719045 5
6.00308634517329 -5.99236025102236 5
4.64522881955280 -5.78272114416218 5
6.68690078460820 -3.81528799863582 5
4.39265970462376 -5.69833996381545 5
6.96087335492193 -5.41964528195613 5
7.68602628311418 -5.24092797788925 5
4.35600904041227 -9.69012252064191 5
3.70591721369508 -8.42790620207723 5
8.86234853862761 -3.86938340360571 5
6.05487749310980 -5.08987489668458 5
-0.44033605531345 -5.11543346774876 5
5.00947294319020 -8.00136895093619 5
5.50185043085718 -1.06807921951480 5
4.92896024523110 -2.47845094642179 5
4.19991416289570 -4.83528843378721 5
9.07161571056226 -3.40901034700408 5
7.55870306026741 -6.53876783289677 5
7.70066404671580 -0.90300800913346 5
7.34545911489025 -4.98486475819788 5
7.61102443965547 -5.22777029182060 5
2.74250036727434 -3.56130105382605 5
5.17832776304618 -5.57064397009338 5
7.97555175859538 -5.86734781080912 5
5.83729684993468 -10.13764684117750 5
2.25903963821990 -6.67658474661526 5
4.36376031498689 -5.77279014259104 5
6.76864464703581 -9.61832014908040 5
6.46435865645625 -3.06356895442735 5
5.38970632780328 -2.74358395552892 5
7.48291241504684 -6.66852089285683 5
6.03066092739715 -6.14687825031454 5
3.99588535593054 -9.83527284927351 5
3.86110821111803 -3.83568268629815 5
7.43443537755542 -4.71172061061417 5
5.17673342882662 -5.49140948095077 5
4.00283288665007 -2.33087053925142 5
6.84326155752373 -4.10702979952626 5
5.59029630942773 -3.70189678555626 5
6.93757960511524 -0.32488982473061 5
8.00558689543902 -5.76381935037127 5
6.89603737232028 -5.21475353168092 5
4.61254737587213 -3.21373231250358 5
7.05680971562662 -5.75245958264594 5
6.53148318883978 -5.05254335145085 5
7.98505577085301 -3.90341715283739 5
5.34995365924152 -4.05145660522896 5
2.42221111351296 -4.43292638643075 5
6.44029370394648 -5.61587991432085 5
4.36200823274621 -2.59106541819769 5
6.65648191196736 -4.06235034914366 5
7.91131951998892 -3.36751181810920 5
4.25998549092878 -1.20757446916424 5
9.65852803882202 -1.57212386649821 7
3.11750835903894 -2.95883812042350 5
6.46977318500915 -4.69817835318356 5
8.11072715548722 -1.51374391962700 5
4.28248567446083 -6.21921691690338 5
1.23002392846512 -7.79150289291127 5
4.08654196422838 -2.12593144461349 5
4.35962539310786 -4.89792178081279 5
4.64603364507607 0.59644135733467 5
3.39277904467026 -1.98557488505521 5
4.93111084191698 -6.62264210236409 5
4.50079963870685 1.20483693931289 4
5.31623859147228 -3.15788775251466 5
4.14455198180432 -6.80955644542307 5
5.28729472265349 -6.75143875895162 5
7.63297133274657 -8.85615162787259 5
5.09232216183111 -5.06991779031014 5
7.82625760175188 -2.96890023537528 5
5.36670415390421 -1.71876885478005 5
7.40465825770485 -2.86444776457014 5
4.76714634176844 -4.16024515575887 5
3.02905732689077 -2.23768230806370 5
5.45965970276120 -2.74997085338746 5
4.57184881402177 -11.66706077692790 6
2.97147636698963 -7.03098235352250 5
6.71541779541328 -5.58422811484296 5
3.59350830656612 -11.00663001592550 6
7.29599998450725 -4.99493685086271 5
5.12186718739777 -7.70677994083286 5
5.40136848648201 -8.01428741636648 5
4.74694519729529 -8.21575413404741 5
7.21532991041637 -7.46844277840652 5
8.15159967788675 -4.28721558180329 5
6.47905981565090 -8.07551682889300 5
7.82390226207185 -3.20333100177293 5
7.56344290267082 -2.79839744246957 5
6.06222471810262 -3.07817253644929 5
2.62957280502254 -4.15248458589939 5
2.65424757002493 -5.82559909348162 5
2.95161885888211 -1.75491425617469 5
5.07494317382014 -5.18945025466530 5
4.11895563887678 -4.47519002466046 5
4.97637812340220 -6.10984338470964 5
0.79629529751256 -5.69227307971186 5
1.85805139934441 -4.27407262583253 5
5.49472254829615 -5.33552716273962 5
3.57131847346347 -2.39027949963741 5
0.95936145827691 -3.76050863887275 5
3.77559108778453 -4.93566743979116 5
4.49379374583041 -7.39751171991304 5
8.16335785832376 -5.65901522512811 5
3.98896401278446 0.08823233500038 5
6.33985110881751 -4.50009705423010 5
4.92569371197817 -4.71584207560957 5
4.48797645650712 -6.65241656989414 5
6.88405415813713 -3.79231234023863 5
5.88763410699467 -5.17135015637344 5
7.60382839094622 -8.32965683815699 5
8.10874333392573 -1.45190825504021 5
6.85654221596963 -8.20210533271682 5
5.55320140643942 -6.95757113299298 5
4.24616587924840 -6.48344753067018 5
0.14565902105709 -6.25667039052099 5
2.85622530702199 -4.66352315802252 5
3.21000544256840 -5.19244617443934 5
8.19167256789117 -7.94925028428843 5
1.67545767126632 -4.83013487841772 5
3.10362448824755 -7.32993358808442 5
6.73611971657442 -4.61164143657671 5
7.59215456833441 -7.65626869757508 5
5.78554979487555 -5.06377224504148 5
2.48791773247005 -7.29195394562527 5
4.60662834041155 -4.65151434050706 5
-7.15094850782544 -5.71653875769104 8
-4.42133195670865 -7.82213523688256 8
-4.56221629159663 -4.92621170668614 8
-4.80900014563113 -2.26487473726701 2
-7.72544803611209 -1.89559331491660 2
-6.66538227734897 -7.77090828610798 8
-6.60182627997284 -4.38113061206173 8
-4.66001546423110 -5.75360126879858 8
-7.13101153564597 -6.58786411747596 8
-2.26235151032947 -4.51056351575670 5
-6.29352892595598 -7.30815598127030 8
-5.45555005865651 -9.08201302726011 8
-6.08327455610870 -6.81524988109459 8
-2.40478422185748 -2.52095195846553 5
-5.16117236777200 -7.78453657897178 8
-2.98614188377742 -2.91359702664176 5
-3.37277940233248 -3.19594554859795 8
-5.78738576038153 -3.27184698634283 2
-2.09231114211017 -4.90630208371281 5
-7.18974507897395 -3.05569000675878 2
-3.24131716941615 -5.76047625479716 8
-1.20117799938563 -6.94634913877151 5
-4.22086958069668 -10.54907669287180 8
-5.36270203021648 -2.22995780294887 2
-6.01863176979489 -7.20249866696861 8
-3.37473880703764 -6.98271718650806 8
-4.40277952494569 -9.25540963946148 8
-8.15604254882052 -6.11096907782063 8
-7.31542888183094 -1.66344495475638 2
-2.94850436970871 -6.92319767018432 8
-3.71757437851122 -2.75088780728392 8
-4.42692423583587 -4.13786153142820 8
-2.37410184101680 -6.17782826412537 5
-5.93653172969255 -2.66046098531086 2
-7.88230640552605 -4.54391129755012 8
-5.07004595178330 -3.85584993064921 8
-2.70982437808142 -4.34510821360546 5
-4.48162107504574 -3.16877992637036 8
-2.27855207719343 -4.06096766570000 5
-7.20935327444046 -5.38420959465284 8
-1.11922527912448 -5.86295108572235 5
-3.46015404930641 -2.00082982732999 2
-3.22389947153661 -5.01568260926324 5
-4.50996428245435 -7.17138386543678 8
-4.01666609468726 -7.17120260236339 8
-6.90919610438152 -7.42498095858195 8
-6.45540686480305 -2.41836846567934 2
-5.87402985366277 -5.17290064712795 8
-6.03317701909420 -3.67505074822073 8
-2.91680087479230 -5.51261536201562 5
-3.61956332570350 -5.99223321237449 8
-2.64518839904226 -3.52471091661253 5
-2.72488764421684 -3.51030039263359 5
-4.53772426078552 -9.64846353584912 8
-6.52630161190689 -3.82096648855075 8
-6.03536887666579 -5.68522441444192 8
-5.92503928483809 -1.03484801086363 2
-6.61232958505591 -6.10984704140040 8
-4.96812001925885 -4.47148677352658 8
-4.57767340440095 -5.12283822248986 8
-8.34385995185818 -4.09898519742569 8
-3.84363081225775 -6.18637475370863 8
-3.49097696779830 -6.86761003791529 8
-4.13671275935482 -6.62646938187546 8
-8.85575083697210 -2.16760827586254 2
-3.44927212220357 -4.64933997395347 8
-1.66196740170249 -8.99794320535428 8
-4.71412760114682 -10.88774964470510 8
-1.77127826591955 -7.15283951173263 5
-7.92128490806531 -7.14868993472127 8
-7.60363385909107 -9.85574030892568 8
-7.21358260308904 -5.37154987469403 8
-2.95957278617919 -4.00141698626269 5
-7.77760870354659 -6.57427336967062 8
-0.68384389864702 -3.99522086535104 5
-7.88754486439094 1.45451661725581 2
-3.91087325356080 -2.90839952575023 8
-2.56616812099719 -4.44638113038507 5
-4.84750276322476 -7.41229554577448 8
-7.93115959584880 1.03567826929649 2
-6.48794239834583 -2.76395230709869 2
-2.84294521455474 -1.06121329913069 2
-0.89592189644796 -3.27932474023007 5
-2.27679549323076 -7.75237852893278 5
-3.50556843024379 -2.02041253631606 2
-4.47547356272582 -6.02559299642542 8
-4.46732368523933 -6.34866012897401 8
-6.11938182013965 -2.14904503159229 2
-0.18007284189080 -9.18656256260255 5
-8.57954818733501 -7.54392593360935 8
-4.27753935957585 -7.17722198597632 8
-4.11970703519201 -4.42059410022715 8
-5.96262013905386 -6.34215657268899 8
-7.95664459251809 -3.32913752411274 2
-0.16385569827286 -6.02062803207162 5
-8.03505508460484 -6.64416233355657 8
-3.54673862782203 -3.11073017869906 8
0.98513093992968 -8.35793548503580 5
-4.87084662434909 -5.48271483989250 8
-7.82083916548177 -6.62264625991166 8
-7.97923036752246 -4.32069863545310 8
-2.57267252195238 -9.02382209024504 8
-6.02228613584635 -1.42087455212055 2
-8.73989659345599 -1.17611136922384 2
-8.33927828413345 -7.89639704123315 8
-5.79735250572412 -7.24285109333301 8
-3.10049270954516 -6.19928790774589 8
-3.37218005553810 -6.51700137675888 8
-4.23138395965424 -0.55754318370544 2
-1.75048602152037 -3.98975830978181 5
-4.54836802501840 -0.87420954898967 2
-7.15741311901689 -3.37805764356707 2
-6.23731478551713 0.98705564157031 2
-5.68117302214656 -5.28749628905542 8
-2.83229133251554 -3.55249943785149 5
-7.70331316777576 -5.73957057618700 8
-4.10275430087389 -9.13564068934570 8
-6.59429963344678 -5.62290606623441 8
-7.23957151247106 -7.26357433735289 8
-4.01558098102030 -5.80053393629191 8
-5.61374671540887 -1.85450719852281 2
-4.31976178799624 -1.88012739880887 2
-2.68914017230826 -3.37014833451865 5
-5.70062295005783 -3.86324891943622 8
-3.92980476302980 1.21248356450988 2
-6.19643743110930 -1.64883784195806 2
-4.68282652505301 -6.91749723691262 8
-0.79279621231310 -3.64562111449633 5
-9.12522472930323 -6.34797358996472 8
-5.05817076870498 -10.28906161279160 8
-1.04081785919287 -3.13722800554581 5
-6.08347074169256 -6.15803032202032 8
-4.25835869487641 -7.38164083054203 8
-6.18789816485980 -4.84804164132068 8
-4.76849990913088 -2.13458854286648 2
-4.11856615029967 -5.32848235870388 8
-5.84942758815463 -1.86791932406887 2
-6.56375458282585 -3.61787412509665 2
-4.32260119354813 -4.47227909631094 8
-2.94057468603530 -7.17404925647908 8
-5.00646897589554 -5.47807579060493 8
-9.99689393106754 -3.82835275458092 8
-1.37155034701594 -7.92977120414833 5
-1.28922470411458 -4.49896805777077 5
-1.90086377817036 -7.10120119260100 5
-3.46636577516864 -6.42477642437580 8
-6.53070684010309 -4.07293445940536 8
-2.06413798053855 -4.23080750565162 5
-6.12292018617887 -1.93295812188690 2
-5.67787603302126 -3.01289586902360 2
-7.81605659177909 -3.13107046124162 2
-6.79657673293637 -5.92929701278450 8
-8.05557411312428 3.62048696141486 2
-7.71268250614483 -4.52392374484426 8
-4.78899202053425 -7.15185571900312 8
-4.41764771604333 -3.38895329572449 8
-3.28762690307085 -10.47549292507090 8
-7.01878056926061 -5.40755549678436 8
-5.14646114821007 -6.23855514594177 8
-3.83660353821866 -4.91254958340602 8
-7.03636377152004 -2.76032589634125 2
-5.75290448289899 -4.76787935440297 8
-0.24338987500989 -4.51846833634639 5
-7.16362997299319 -5.69785287899093 8
-4.63228757202188 -7.72351614567938 8
-9.31419088925400 -6.15189914490539 8
-3.80507247690823 -7.25610238725540 8
-3.46969242547274 -1.27168366490490 2
-4.56483142083545 -0.84266546326504 2
-4.37822063323767 -6.39868427176925 8
-5.35302916006907 1.09516172293633 2
-2.60434587674056 -4.16173788222186 5
-4.50509682873480 -4.83254616453544 8
-4.31258439925822 -1.30461682569572 2
-3.62293488995625 -4.78000638291823 8
-10.36310334558900 -4.88289653156569 8
-4.24836060796825 -3.93484982989836 8
-4.52813682069944 -4.72861248510473 8
-9.45720552942372 -1.31347946753776 2
-4.20808060754050 -3.93486931761864 8
-3.28215438316030 -3.99647254325094 8
-9.41992734769858 -7.66401449527088 8
-2.61889177687818 0.19341436670895 2
-6.13108711039463 -4.00308932079198 8
-0.43836373834763 -5.47504270546664 5
-1.93608846183607 -6.26236253726546 5
-6.60601737805475 -5.43415316016495 8
-5.89795227014047 -2.96720871340673 2
-6.75711700687326 -7.29884910351707 8
-4.06575566526368 0.13926914737875 2
-6.00368670861073 -7.68289694794733 8
-6.18281902827810 -6.18749777861834 8
-4.71432656937699 -5.18291100922764 8
-5.80311095003828 -10.01773211754760 8
-6.67968958938288 -8.87358143834495 8
-5.64795896295039 -6.69493551885199 8
-5.38457673795697 -5.54516826017824 8
-2.94451401281080 -7.71909400731008 8
-6.47779272333490 -7.14030268520472 8
-5.29697151980398 -4.25170757417843 8
-0.16150111156405 -2.84352188263680 5
-3.87052572276577 -4.72911042651361 8
-5.65485169835983 -3.10821010213612 2
-0.23987139366619 -3.65775807744510 5
-1.57405489379348 -0.91809471674451 5
-6.06884060330115 -5.90308185948375 8
-6.15418254806365 -4.02770520146577 8
-5.70407465957440 -6.67714064385942 8
-1.35018298774772 -6.67675842725421 5
-5.70006138611396 -6.56775341699237 8
-3.57941626966738 -4.93913418246484 8
-4.49102126171206 -5.60274164553892 8
-4.94583387087637 -8.04859198380195 8
-7.69664104953521 -4.33105916979426 8
-1.13291265966354 -7.60858622984268 5
-5.25432296667152 -6.57686262494267 8
-2.89664619497008 -0.29989415571854 2
-7.24958623840559 -3.65992670834462 8
-4.92431567623601 -5.77361972309341 8
-4.35479467626488 -5.84358516643004 8
-4.73920418283637 -3.67001043082944 8
-2.44205552828806 -8.14648922016474 8
-2.94323831015540 -7.07248917052412 8
-8.17366083503667 -11.52959890199550 8
-3.13264590073437 0.82353093564278 2
-4.96876278267828 -9.00105532048262 8
-3.90671375347221 -7.49646950885923 8
-2.56144827919685 -7.79111959959445 8
-5.03516358886368 -4.27129815554755 8
2.15673689763065 -4.78139713883600 5
-3.72326703897831 -3.70498997108553 8
-5.98589310042709 -6.64800045481447 8
-0.18280887174235 -3.54536386268689 5
-5.85879269301952 -3.23689824794356 2
-1.18040815586222 -2.36627025125075 5
-3.26163521180586 -4.87213652052373 5
-7.42322347965412 -5.02169318785301 8
-0.45934396312649 -7.72708780230424 5
-2.45474659976512 -6.50617321985629 5
-9.90489698214608 -7.97781129885866 8
-5.10135282550011 -1.08372487595372 2
-2.92595258987107 -2.96867599499618 5
-2.70891608369745 -6.16654026344944 5
-1.33537886734211 -6.54820233916800 5
-8.08492091896145 -5.63063521409156 8
-1.24346681693962 -11.23605314987490 9
-4.97299101775807 -0.19673405383379 2
-5.86291088879664 -2.76910872821462 2
-8.23811889613433 -7.74738344879152 8
-7.17707582158130 -5.16457367606041 8
5.48467860781660 8.67117000870468 4
6.99266000416665 11.45984831071870 4
8.65735303571093 11.68837312493470 10
2.13504543915129 9.47790468629720 4
9.24079207562788 14.35240821624460 10
6.26696617428834 10.03850464134630 4
5.85654224820450 9.88943709755154 4
5.07681320009645 10.41402934970350 4
7.60507920767758 9.89172276214100 4
4.77556933958213 9.30570543589654 4
8.44536703797754 10.40457981960500 10
7.92393248642794 13.15557200853880 10
6.32575786294065 9.30693234746733 4
7.80824205309735 12.22864166851710 10
2.92486607202344 13.03781024188490 3
5.34315633759538 12.57669806233450 4
3.31353245874747 6.36939295454948 4
6.92554940449658 9.00913282380835 4
4.49150602852449 12.28805898930070 3
3.95822514235036 8.43834373967415 4
8.00462383013465 10.44466906252490 4
7.89014544598581 5.86514232809944 4
3.16420255132644 7.88818186324755 4
5.22102120805933 9.07983657746238 4
6.61869890041017 5.59733118164365 4
3.51582521583630 8.47218836355571 4
4.82193646919625 11.06705838825300 4
9.40706854522366 8.53824575277199 10
3.76455631678350 11.70476313057020 3
4.65192479348942 13.30411229319560 3
2.61070977886477 12.60736118599460 3
2.06466489895072 15.05499900540200 3
5.29378134293033 9.43248152086152 4
4.11148603939637 12.17865476245050 3
6.17654973997046 9.58046794814985 4
5.35481232914188 8.81036840198253 4
2.85582083226426 10.44217525541120 3
6.61384691807516 9.09481438929991 4
5.53115181409926 8.36883061614716 4
3.21828424300926 9.87336889701940 4
7.87765923542375 9.47544259770184 4
3.71483007206239 6.39746919057212 4
2.69072666123229 6.79968076839916 4
3.12561063493155 7.23047540568976 4
5.82454598651183 9.50568557163685 4
2.14306560527344 8.04527661398937 4
5.35571911173262 11.50594049627230 4
6.53829840887849 9.88474903103016 4
10.21075768211910 8.58525802931166 10
7.16558517906672 9.32017932727415 4
6.53126367997925 9.71803063912251 4
4.20289726563441 9.74091353201045 4
5.10036096965085 5.77175637397803 4
8.47884553592635 11.90181492456550 10
2.54366253663326 5.76723333812673 4
5.95622813988652 11.82380346136370 4
6.93469251767095 10.74789978840860 4
4.74503728778645 11.03773181699540 4
3.21626691398979 8.52002503505096 4
8.83488026975929 8.24629203717026 4
4.70207611412776 7.55108573393505 4
9.18985499528242 9.17357049642820 10
7.17629852593282 12.41967438428480 10
2.89528623906394 10.85532653059750 3
3.67083942065012 4.16472061980280 4
7.41052370625178 11.63685953041800 10
2.84303143634817 5.16167641603525 4
3.69240580650436 12.37423415810170 3
6.23496318425009 9.79876094368812 4
1.25075405731861 12.97026945450330 3
7.23718572298833 11.76198898462290 4
3.11194435826936 11.52354683381700 3
3.38418646565575 8.89900671812747 4
2.32676720453371 10.95645804805010 3
3.84534672507151 12.22871472873060 3
6.96099729923966 8.00073673561624 4
8.44196438879808 13.36688664157650 10
3.91942303179405 11.34807655829640 3
3.08287209594208 8.26830538501654 4
0.31079208116441 12.69305905362270 3
5.76481147373704 11.20228177773740 4
2.91598682296959 6.50239323164008 4
7.18187708161395 6.21225312171261 4
5.03958618297205 8.10233767215121 4
4.48717505560962 9.32790384969320 4
9.01612070741970 8.82886735710905 10
3.67006983018418 4.46920349755090 4
8.76242410501163 10.17707528998860 10
4.01607621592618 11.53478509824580 3
3.21160164296148 7.23700980854032 4
2.70799442646286 10.17408947240650 4
5.85353210521123 6.02548655953443 4
9.24974260401258 8.24572647799024 10
5.85073368237027 11.07984003288920 4
5.57539811162799 9.56044264891310 4
3.45682759602052 9.99896434969511 4
6.26467733122539 7.03918659791470 4
4.22593776330286 8.40734900888787 4
3.01081255190691 13.61796955874070 3
2.32683632486924 14.28781914271480 3
7.71621917579953 6.20867911931141 4
4.32415732543809 12.54552864172010 3
3.28305370562766 13.73466984714470 3
-0.41595186651874 11.36272050740690 0
7.47204896775379 10.40768527336450 4
4.49585097697829 9.44050633853472 4
4.43385167760609 15.06621431190370 3
8.54012014485166 7.44618466333832 4
4.98124520260173 6.73216539002707 4
5.32766452248352 8.07023460401678 4
4.35378172436013 11.63341602569230 3
4.69448330415915 10.54890446071700 4
7.49815005260298 6.47642272809260 4
6.41848488327535 8.77722744889458 4
7.51842173141223 9.75459863670704 4
2.51831780777121 11.61157873116250 3
4.90318716896090 11.53923296113040 4
2.90518619746735 9.12459301483583 4
4.89921389156029 9.14744563911608 4
4.19730994552590 10.96905548550430 4
2.79983397441025 9.94439520589588 4
3.02208561187868 11.18810157977230 3
3.14064100120575 12.87362090247460 3
5.13643472405114 10.38396638760200 4
6.04850514456823 11.33536577651090 4
5.88459332864483 7.74312993620625 4
3.48713765020576 5.23844838754356 4
5.26829049441212 13.10124328589820 3
2.54482687559654 11.07264737777170 3
6.37829674659327 10.04377150547690 4
2.22908908862730 8.76491600275126 4
7.94441334270056 11.94594860438040 10
6.08456938743610 15.80781810557600 3
4.37008836192543 10.48743738021270 4
6.81174103160997 9.70052884883294 4
7.25332917553842 11.26781214890180 4
4.48576833487267 9.58938277894752 4
-0.53659741391762 8.52747888845543 0
5.07045539505912 13.00337960238180 3
3.43650815585945 6.31560296864692 4
4.49647996369327 9.97810967430649 4
1.69428284603504 5.47395795965629 4
3.10821759598271 13.07594119719130 3
1.98018581867065 10.79318184449950 3
5.26563374590102 11.59122817561740 4
6.52414353330570 16.16662875437500 10
5.67646645115431 8.37400261963648 4
5.14077357962624 7.09083209395376 4
4.05972582419663 8.16871137983949 4
4.71752367137979 7.50478539624611 4
-1.34950074535518 13.70232794913250 0
8.22520285527220 11.23789687660900 10
3.30664081541554 10.61050613200190 4
4.29149605736979 10.25210477827370 4
4.52682878298962 10.66269250054240 4
4.31352656083411 12.17972429660210 3
5.86769159594318 4.42890952505744 4
3.77027064145358 10.80926246674720 4
3.66250793872963 6.90863554153746 4
6.70678712381345 12.05993425719600 4
5.35380191505139 12.56338640032470 4
3.54017711970034 7.64672631647752 4
4.55021847932686 11.69892896829210 4
2.76834409635130 7.55139987268509 4
4.18760326829674 12.59074325997200 3
7.41262381353959 13.03246071979200 10
6.90985341859653 8.00724484247293 4
4.17749578528936 12.73775477502940 3
5.25430035747787 8.91110073453651 4
1.76727211815979 9.05830787478641 4
6.32627498459794 10.60025106799070 4
1.09627184154731 10.15290657707780 3
2.57155703634135 9.73662195146464 4
6.00890172975678 12.68064709045320 4
7.02578621765941 7.55660689078580 4
3.39933480760160 11.03515650751510 3
5.96806844171343 10.20705939649630 4
6.23452442996372 8.68274898241032 4
5.28117785842221 12.45901169868830 4
7.39670093451373 8.89686600313039 4
7.14314055670978 12.21513412006360 10
2.24666070530671 9.28853003912761 4
1.30577214619232 10.09163484701030 3
0.43242777573141 10.27255348345760 3
5.69587255184045 8.43501016329418 4
7.08572890269431 9.33207767181366 4
7.77683849298344 7.40186060665829 4
9.22195654040379 7.13877097079680 10
5.93692242131421 5.95226314554880 4
5.39557271402076 9.64746095211673 4
10.28317291554560 12.98095468774940 10
5.90177542287608 11.56186134065890 4
3.01193458491234 6.77841068841507 4
5.39831878070720 6.51239886327823 4
1.63764727848481 7.36582229372496 4
5.31705437102106 10.64224358833670 4
7.66967887659713 5.86797260540496 4
5.53676223880645 7.24548273041728 4
3.09889201801595 9.17027066547530 4
4.86648197567629 9.62306981853585 4
2.35670825370764 11.11760257445350 3
4.46717349621142 11.98938673814170 3
3.36620681785590 4.62513105651080 4
7.23951117250116 12.85948416388200 10
6.72097229980167 13.88975947624960 10
5.78564181114400 8.69114444270825 4
4.36299200331007 9.87085270746096 4
5.14409982904291 8.58256171075852 4
4.97185144242805 12.21842369294200 4
3.85795050140381 10.52831085835580 4
3.69460754054308 7.01894861031980 4
5.38062598034452 10.32109440336250 4
4.46437036104414 8.61241564910340 4
5.08729797657561 5.31872592022159 4
4.94395849062385 11.62909289875440 4
7.95808941765837 17.77513787384630 10
0.82181129051498 6.69776840756399 4
10.15112773286280 10.62582062784440 10
6.94161930541233 10.87162566299580 4
2.43862231151110 10.72475867983710 3
3.44377032806249 12.90270162809090 3
8.41044841210149 11.03086622229620 10
8.48639079815559 13.98891362441070 10
5.38708892026744 9.16923596478367 4
2.14411001111739 10.14799834782970 3
2.46351180469446 9.84479848666317 4
3.36190982217418 12.63084609331360 3
8.30684133979451 3.79541965637245 7
3.16700513029583 10.78105693783080 3
2.83078908123299 9.05424310887376 4
4.91885204547747 11.92862808394170 4
5.95970604985324 11.60806850316160 4
3.32630874709466 10.02908258689460 4
3.64318676050676 13.44394876902940 3
3.59105669008840 7.85748007787606 4
2.33219062632854 10.90060723796190 3
3.43466365285612 8.95788171223917 4
7.26675525311114 11.03007926969810 4
7.96351053828357 12.55815512448180 10
3.54004432014772 5.93439493069790 4
1.62360030889250 10.76640245912070 3
0.75666418198339 8.51754856947007 4
4.21507072089835 7.52515390749549 4
3.99729236197369 12.12624171503780 3
5.17690452727024 8.36724637506639 4
4.75984086457960 11.16398410806840 4
3.12873160654141 11.04866816014340 3
3.55567787184021 11.41249209809870 3
4.79698873734890 9.57665083106572 4
3.97296013953661 8.57526743323815 4
0.73409814976793 1.43777286255277 4
0.60297861302893 1.02218109032955 5
1.54120512384458 0.80934375591087 5
0.85068787883041 0.79907794924926 5
0.90963044185977 1.04367365539830 4
1.38821080113126 0.74645507421694 5
0.65834986167221 0.95018326249742 5
0.66107971688329 0.95604872326662 5
0.81111301444633 0.30936907040121 5
1.07615310286317 0.91798461912404 5
1.28476688074421 1.29784525430243 4
1.46421031331624 1.22349748045852 4
1.25899336436464 0.90719289061833 4
1.44859725328813 1.47395389920526 4
0.79221239717113 0.73032240313882 5
1.09990110683217 1.35091610760067 4
1.70059014728014 1.38488196475844 4
1.46777100103206 1.30091406722558 4
0.68075774664619 0.36739497488293 5
0.44274789824805 0.95490335091338 5
1.49017212783288 0.74625150984622 5
0.97641607477355 1.59946284243159 4
0.85562022378006 1.17779063797108 4
0.71950327996682 0.85445788584843 5
0.77094722098852 0.97811351080714 5
1.46271982418861 1.05936420441434 4
1.32319200625679 0.81284539292494 5
0.96451903751230 0.70750415198631 5
1.23821589349476 0.96438988529646 5
0.97973266894711 1.07376812494490 4
0.64058095926720 1.27032111502914 4
0.81710321448147 1.15696330062418 4
0.75964857855925 0.89204418236277 5
0.33518515879916 0.90459336156053 5
0.59763702656222 0.91156181086441 5
0.93545876018720 0.92865453013214 5
1.10974003212723 1.01023561055553 4
1.13077007591097 0.95087449828264 5
1.30784311091494 1.03829206533592 4
1.05982197384507 0.82200011184471 5
1.15761303040505 0.44903557479822 5
1.30848938709314 0.99238432695529 4
1.21367019216083 0.77538038041366 5
1.75490924672639 0.85028765242226 5
0.97603861367988 0.83497968472177 5
1.29284181658895 0.66403608860911 5
1.17614957513513 1.28483602064982 4
1.31304831203073 1.12130752856131 4
0.89040057485646 0.82917716024479 5
0.94227085256738 0.98124780415689 4
0.36900323682596 1.35901695017841 4
1.21370500581465 1.06592819654431 4
0.98170760182963 1.28264798672201 4
0.92762641191875 0.37840605383909 5
0.76171907504686 1.40481948835953 4
0.69866499335437 1.51304141108311 4
1.82223710234983 1.04416073480231 4
0.57286493525190 1.25264417100722 4
0.50826713921052 1.14664115761717 4
1.01657968407822 0.93611193499378 5
1.37025731065774 1.27981251194904 4
0.58324703093687 0.48035842762853 5
1.33496438361134 1.09173248290073 4
0.87349830031287 1.39310140084236 4
0.56790305442925 0.54418509166064 5
1.42644865503555 0.37433440313758 5
0.60757696906951 0.96709993903428 5
1.23178640126257 1.14409854928285 4
1.09109875175465 0.66046912192426 5
1.20515040397470 1.09460341902254 4
0.74828428159153 0.99071764079111 5
1.68945106518010 1.30276230347951 4
0.90353515166385 0.86768924684919 5
1.03160824562076 0.92732781783952 5
0.55246976127092 0.87584933883113 5
1.29917946860467 1.23773082344494 4
0.83639107501347 1.25561828063874 4
0.80566689918695 1.39157185463709 4
0.89308492839540 1.37832426233770 4
0.85981041949336 1.05885469817991 4
0.17105798593505 1.71032808034086 4
1.02954569178180 1.51459114860879 4
0.83843368480872 0.79148547075171 5
0.98729075541209 0.96246566098087 5
0.99378395364052 0.84641497750287 5
0.54458536566422 1.04546371103023 5
0.60958942036695 0.44581045744253 5
0.98877508844406 1.10499865738677 4
1.49720120283319 0.66180371007131 5
1.28975524039402 0.81184672561239 5
1.68989725436142 0.78377190121200 5
1.23718954956078 1.30812684354960 4
0.60013837760409 0.91227164297464 5
0.94010687386825 0.87856064921129 5
1.23419449610795 0.63053896062404 5
1.21109427124100 1.11581429242033 4
0.83716072741594 1.14248218795340 4
0.94063760366431 1.42345091694949 4
1.25811116922430 1.02599448023899 4
0.79417913561915 1.22971070086317 4
