0.521569 0.094590 0
0.858824 0.502433 1
0.458824 0.251452 0
0.898039 0.165178 0
0.874510 0.086746 0
0.984314 0.196550 1
0.890196 0.259295 1
0.443137 0.361256 0
0.678431 0.439688 0
0.890196 0.486746 1
0.584314 0.541648 1
0.592157 0.455374 0
0.576471 0.369099 0
0.482353 0.376942 0
0.678431 0.274982 0
0.403922 0.071060 0
0.545098 0.549492 1
0.513725 0.133805 0
0.639216 0.141648 0
0.584314 0.612237 1
0.819608 0.682825 1
0.874510 0.722041 1
0.796078 0.541648 1
0.764706 0.643609 1
0.639216 0.706354 1
0.929412 0.674982 1
0.639216 0.196550 0
0.905882 0.369099 1
0.623529 0.596550 1
0.356863 0.565178 2
0.874510 0.604393 1
0.976471 0.157335 1
0.427451 0.400472 0
0.482353 0.674982 2
0.537255 0.573021 1
0.662745 0.627923 1
0.662745 0.596550 1
0.450980 0.627923 2
0.749020 0.416158 0
0.411765 0.604393 2
0.819608 0.424001 1
0.419608 0.518119 2
0.615686 0.557335 1
0.631373 0.690668 1
0.568627 0.400472 0
0.662745 0.259295 0
0.866667 0.212237 0
0.498039 0.541648 1
0.372549 0.110276 0
0.976471 0.392629 1
0.937255 0.039688 3
0.709804 0.204393 0
0.435294 0.102433 0
0.796078 0.392629 1
0.960784 0.761256 1
0.537255 0.086746 0
0.811765 0.024001 0
0.662745 0.580864 1
0.474510 0.400472 0
0.443137 0.408315 0
0.717647 0.729884 1
0.623529 0.345570 0
0.419608 0.604393 2
0.419608 0.439688 0
0.858824 0.643609 1
0.584314 0.729884 1
0.772549 0.557335 1
0.380392 0.674982 2
0.631373 0.573021 1
0.647059 0.306354 0
0.654902 0.173021 0
0.960784 0.612237 1
0.521569 0.753413 2
0.803922 0.416158 1
0.584314 0.180864 0
0.686275 0.078903 0
0.709804 0.243609 0
0.623529 0.306354 0
0.364706 0.361256 0
0.443137 0.635766 2
0.419608 0.165178 0
0.874510 0.251452 0
1.000000 0.565178 1
0.929412 0.259295 1
0.850980 0.455374 1
0.717647 0.235766 0
1.000000 0.259295 1
0.584314 0.674982 1
0.686275 0.761256 1
0.694118 0.110276 0
0.600000 0.408315 0
0.694118 0.463217 1
0.701961 0.714197 1
0.529412 0.737727 2
0.490196 0.361256 0
0.968627 0.165178 1
0.780392 0.424001 1
0.505882 0.345570 0
0.937255 0.306354 1
0.450980 0.463217 0
0.662745 0.706354 1
0.850980 0.337727 1
0.466667 0.761256 2
0.560784 0.329884 0
0.858824 0.533805 1
0.576471 0.549492 1
0.396078 0.439688 0
0.568627 0.408315 0
0.662745 0.063217 0
0.364706 0.047531 0
0.592157 0.329884 0
0.482353 0.408315 0
0.843137 0.533805 1
0.874510 0.361256 1
0.584314 0.235766 0
0.411765 0.345570 0
0.811765 0.392629 1
0.372549 0.463217 0
0.435294 0.188707 0
0.701961 0.447531 0
0.427451 0.659295 2
0.772549 0.643609 1
0.709804 0.024001 0
0.427451 0.118119 0
0.576471 0.384786 0
0.584314 0.667139 1
0.960784 0.627923 1
0.835294 0.549492 1
0.803922 0.125962 0
0.960784 0.149492 1
0.827451 0.627923 1
0.992157 0.510276 1
0.898039 0.039688 0
0.521569 0.274982 0
0.568627 0.157335 0
0.576471 0.643609 1
0.521569 0.047531 0
0.764706 0.173021 0
0.890196 0.259295 1
0.772549 0.447531 1
0.733333 0.369099 0
0.552941 0.078903 0
0.356863 0.596550 2
0.796078 0.588707 1
0.764706 0.706354 1
0.443137 0.118119 0
0.733333 0.039688 0
0.968627 0.369099 1
0.945098 0.290668 1
0.882353 0.071060 0
0.843137 0.220080 0
0.427451 0.651452 2
0.858824 0.573021 1
0.741176 0.267139 0
0.984314 0.463217 1
0.411765 0.165178 0
0.929412 0.573021 1
0.858824 0.518119 1
0.396078 0.455374 0
0.819608 0.541648 1
0.600000 0.149492 0
0.552941 0.165178 0
0.866667 0.329884 1
0.388235 0.353413 0
0.623529 0.518119 1
0.686275 0.729884 1
0.411765 0.659295 2
0.819608 0.643609 1
0.819608 0.471060 1
0.521569 0.345570 0
0.631373 0.071060 0
0.364706 0.243609 0
0.388235 0.243609 0
0.701961 0.722041 1
0.388235 0.322041 0
0.686275 0.447531 0
0.952941 0.525962 1
0.529412 0.204393 0
0.427451 0.612237 2
0.709804 0.557335 1
0.466667 0.173021 0
0.984314 0.282825 1
0.835294 0.220080 0
0.615686 0.518119 1
0.764706 0.698511 1
0.882353 0.549492 1
0.388235 0.102433 0
0.709804 0.039688 0
0.866667 0.180864 0
0.592157 0.525962 1
0.764706 0.565178 1
0.443137 0.549492 2
0.662745 0.086746 0
1.000000 0.643609 1
0.960784 0.141648 1
0.678431 0.400472 0
0.811765 0.227923 0
0.733333 0.188707 0
0.913725 0.478903 1
0.701961 0.267139 0
0.686275 0.180864 0
0.733333 0.463217 1
0.717647 0.620080 1
0.835294 0.212237 0
0.584314 0.149492 0
0.615686 0.361256 0
0.411765 0.220080 0
0.600000 0.729884 1
0.803922 0.533805 1
0.364706 0.557335 2
0.647059 0.361256 0
0.443137 0.149492 0
0.662745 0.706354 1
0.380392 0.651452 2
0.992157 0.165178 1
0.960784 0.329884 1
0.662745 0.376942 0
0.976471 0.243609 1
0.356863 0.157335 0
0.639216 0.063217 0
0.552941 0.682825 1
0.443137 0.447531 0
0.819608 0.682825 1
0.717647 0.282825 0
0.490196 0.290668 0
0.450980 0.118119 0
0.890196 0.416158 1
0.639216 0.643609 1
0.701961 0.267139 0
0.796078 0.674982 1
0.482353 0.306354 0
0.364706 0.125962 0
0.482353 0.471060 0
0.819608 0.290668 0
0.984314 0.745570 1
0.435294 0.510276 2
0.686275 0.063217 0
0.631373 0.722041 1
0.819608 0.227923 0
0.733333 0.369099 0
0.576471 0.690668 1
0.827451 0.078903 0
0.960784 0.298511 1
0.647059 0.761256 1
0.466667 0.392629 0
0.498039 0.525962 1
0.639216 0.024001 0
0.529412 0.455374 0
0.631373 0.141648 0
0.670588 0.447531 0
-0.552941 -0.328940 4
-0.592157 -0.674038 4
-0.498039 -0.548548 4
-0.686275 -0.477959 4
-0.560784 -0.305410 4
-0.788235 -0.297567 4
-0.670588 -0.407371 4
-0.521569 -0.634822 4
-0.552941 -0.705410 4
-0.600000 -0.391685 4
-0.756863 -0.775999 5
-0.529412 -0.430901 4
-0.576471 -0.721097 4
-0.803922 -0.893646 5
-0.592157 -0.823058 5
-0.772549 -0.893646 5
-0.670588 -0.579920 4
-0.631373 -0.470116 4
-0.639216 -0.328940 4
-0.772549 -0.336783 4
-0.835294 -0.391685 4
-0.560784 -0.532861 4
-0.850980 -0.885803 5
-0.662745 -0.815214 5
-0.764706 -0.446587 4
-0.560784 -0.838744 5
-0.607843 -0.430901 4
-0.529412 -0.579920 4
-0.850980 -0.870116 5
-0.811765 -0.274038 4
-0.835294 -0.375999 4
-0.850980 -0.877959 5
-0.631373 -0.877959 5
-0.827451 -0.430901 4
-0.725490 -0.274038 4
-0.545098 -0.297567 4
-0.552941 -0.909332 5
-0.850980 -0.313254 4
-0.513725 -0.540705 4
-0.843137 -0.791685 5
-0.788235 -0.423058 4
-0.709804 -0.556391 4
-0.552941 -0.674038 4
-0.686275 -0.446587 4
-0.545098 -0.799528 5
-0.647059 -0.744626 5
-0.647059 -0.642665 4
-0.686275 -0.391685 4
-0.772549 -0.266195 4
-0.772549 -0.846587 5
-0.780392 -0.572077 4
-0.498039 -0.564234 4
-0.686275 -0.862273 5
-0.835294 -0.297567 4
-0.788235 -0.595607 4
-0.623529 -0.721097 4
-0.835294 -0.697567 5
-0.560784 -0.885803 5
-0.505882 -0.477959 4
-0.592157 -0.423058 4
-0.850980 -0.799528 5
-0.576471 -0.595607 4
-0.545098 -0.375999 4
-0.717647 -0.572077 4
-0.513725 -0.305410 4
-0.850980 -0.611293 5
-0.717647 -0.909332 5
-0.772549 -0.540705 4
-0.796078 -0.705410 5
-0.788235 -0.383842 4
-0.741176 -0.485803 4
-0.835294 -0.352469 4
-0.843137 -0.838744 5
-0.858824 -0.579920 4
-0.537255 -0.383842 4
-0.796078 -0.799528 5
-0.741176 -0.321097 4
-0.850980 -0.877959 5
-0.811765 -0.485803 4
-0.772549 -0.532861 4
-0.733333 -0.501489 4
-0.505882 -0.313254 4
-0.505882 -0.517175 4
-0.772549 -0.399528 4
-0.686275 -0.697567 4
-0.537255 -0.509332 4
-0.568627 -0.587763 4
-0.607843 -0.556391 4
-0.647059 -0.572077 4
-0.615686 -0.619136 4
-0.639216 -0.846587 5
-0.560784 -0.587763 4
-0.741176 -0.493646 4
-0.686275 -0.909332 5
-0.725490 -0.328940 4
-0.498039 -0.532861 4
-0.811765 -0.509332 4
-0.850980 -0.885803 5
-0.749020 -0.909332 5
-0.835294 -0.877959 5
-0.545098 -0.815214 5
-0.819608 -0.674038 5
-0.592157 -0.266195 4
-0.819608 -0.595607 4
-0.498039 -0.368156 4
-0.529412 -0.854430 5
-0.764706 -0.830901 5
-0.709804 -0.423058 4
-0.537255 -0.689724 4
-0.827451 -0.830901 5
-0.623529 -0.611293 4
-0.654902 -0.289724 4
-0.694118 -0.815214 5
-0.505882 -0.258352 4
-0.850980 -0.336783 4
-0.560784 -0.407371 4
-0.686275 -0.775999 5
-0.552941 -0.744626 5
-0.843137 -0.799528 5
-0.623529 -0.556391 4
-0.513725 -0.540705 4
-0.498039 -0.344626 4
-0.819608 -0.854430 5
-0.709804 -0.611293 4
-0.584314 -0.556391 4
-0.709804 -0.305410 4
-0.858824 -0.885803 5
-0.592157 -0.375999 4
-0.498039 -0.313254 4
-0.498039 -0.564234 4
-0.733333 -0.493646 4
-0.827451 -0.375999 4
-0.654902 -0.901489 5
-0.670588 -0.281881 4
-0.819608 -0.870116 5
-0.764706 -0.791685 5
-0.607843 -0.862273 5
-0.600000 -0.689724 4
-0.764706 -0.791685 5
-0.607843 -0.799528 5
-0.749020 -0.603450 4
-0.623529 -0.509332 4
-0.560784 -0.697567 4
-0.513725 -0.579920 4
-0.607843 -0.587763 4
-0.576471 -0.438744 4
-0.858824 -0.642665 5
-0.788235 -0.579920 4
-0.803922 -0.760312 5
-0.568627 -0.815214 5
-0.513725 -0.823058 5
-0.584314 -0.336783 4
-0.780392 -0.289724 4
-0.858824 -0.587763 5
-0.584314 -0.477959 4
-0.662745 -0.728940 5
-0.654902 -0.713254 4
-0.615686 -0.736783 5
-0.796078 -0.587763 4
-0.764706 -0.313254 4
-0.513725 -0.509332 4
-0.498039 -0.634822 4
-0.686275 -0.462273 4
-0.600000 -0.415214 4
-0.545098 -0.572077 4
-0.733333 -0.768156 5
-0.796078 -0.728940 5
-0.694118 -0.752469 5
-0.741176 -0.681881 5
-0.600000 -0.674038 4
-0.811765 -0.548548 4
-0.521569 -0.752469 5
-0.756863 -0.321097 4
-0.686275 -0.266195 4
-0.827451 -0.438744 4
-0.741176 -0.525018 4
-0.592157 -0.893646 5
-0.843137 -0.666195 5
-0.717647 -0.697567 5
-0.654902 -0.368156 4
-0.788235 -0.642665 4
-0.686275 -0.634822 4
-0.600000 -0.611293 4
-0.545098 -0.681881 4
-0.749020 -0.297567 4
-0.811765 -0.509332 4
-0.803922 -0.595607 4
-0.631373 -0.462273 4
-0.529412 -0.650508 4
-0.490196 -0.572077 4
-0.552941 -0.548548 4
-0.584314 -0.830901 5
-0.537255 -0.634822 4
-0.811765 -0.383842 4
-0.827451 -0.815214 5
-0.803922 -0.862273 5
-0.788235 -0.399528 4
-0.717647 -0.430901 4
-0.850980 -0.423058 4
-0.772549 -0.344626 4
-0.560784 -0.328940 4
-0.803922 -0.579920 4
-0.552941 -0.901489 5
-0.647059 -0.564234 4
-0.592157 -0.681881 4
-0.858824 -0.383842 4
-0.654902 -0.783842 5
-0.717647 -0.328940 4
-0.717647 -0.611293 4
-0.505882 -0.430901 4
-0.545098 -0.611293 4
-0.654902 -0.893646 5
-0.749020 -0.430901 4
-0.678431 -0.901489 5
-0.835294 -0.893646 5
-0.803922 -0.368156 4
-0.607843 -0.736783 5
-0.584314 -0.368156 4
-0.733333 -0.666195 4
-0.694118 -0.893646 5
-0.725490 -0.877959 5
-0.615686 -0.885803 5
-0.843137 -0.572077 4
-0.615686 -0.791685 5
-0.741176 -0.893646 5
-0.725490 -0.532861 4
-0.615686 -0.423058 4
-0.858824 -0.642665 5
-0.600000 -0.697567 4
-0.654902 -0.462273 4
-0.701961 -0.595607 4
-0.835294 -0.587763 4
-0.584314 -0.415214 4
-0.584314 -0.721097 4
-0.819608 -0.313254 4
-0.678431 -0.611293 4
-0.529412 -0.697567 4
-0.521569 -0.446587 4
-0.709804 -0.642665 4
-0.639216 -0.274038 4
-0.764706 -0.281881 4
-0.545098 -0.383842 4
-0.615686 -0.336783 4
-0.623529 -0.423058 4
-0.537255 -0.572077 4
-0.576471 -0.775999 5
-0.780392 -0.344626 4
-0.505882 -0.681881 4
-0.568627 -0.368156 4
-0.827451 -0.626979 5
-0.474510 0.424001 6
-0.600000 0.463217 6
-0.733333 0.471060 6
-0.490196 0.455374 6
-0.788235 0.416158 6
-0.592157 0.400472 6
-0.811765 0.314197 6
-0.803922 0.431844 6
-0.678431 0.078903 7
-0.803922 0.165178 7
-0.717647 0.227923 6
-0.662745 0.525962 6
-0.803922 0.369099 6
-0.654902 0.235766 6
-0.309804 0.306354 6
-0.733333 0.329884 6
-0.827451 0.322041 6
-0.756863 0.314197 6
-0.474510 0.047531 4
-0.756863 0.298511 6
-0.819608 0.478903 6
-0.819608 0.384786 6
-0.474510 0.549492 6
-0.498039 0.298511 6
-0.529412 0.063217 4
-0.670588 0.494590 6
-0.592157 0.455374 6
-0.694118 0.345570 6
-0.709804 0.494590 6
-0.811765 0.408315 6
-0.803922 0.314197 6
-0.623529 0.165178 6
-0.435294 0.392629 6
-0.466667 0.408315 6
-0.686275 0.353413 6
-0.717647 0.345570 6
-0.537255 0.478903 6
-0.756863 0.298511 6
-0.741176 0.267139 6
-0.701961 0.643609 6
-0.576471 0.337727 6
-0.741176 0.369099 6
-0.631373 0.494590 6
-0.835294 0.431844 6
-0.654902 0.416158 6
-0.772549 0.298511 6
-0.694118 0.188707 6
-0.741176 0.290668 6
-0.505882 0.376942 6
-0.576471 0.706354 6
-0.960784 0.243609 7
-0.686275 0.220080 6
-0.623529 0.455374 6
-0.552941 0.157335 6
-0.600000 0.361256 6
-0.811765 0.243609 6
-0.662745 0.627923 6
-0.576471 0.541648 6
-0.749020 0.384786 6
-0.474510 0.086746 6
-0.647059 0.322041 6
-0.560784 0.337727 6
-0.788235 0.369099 6
-0.615686 0.298511 6
-0.545098 0.463217 6
-0.498039 0.400472 6
-0.952941 0.494590 8
-0.639216 0.518119 6
-0.678431 0.125962 6
-0.780392 0.071060 7
-0.741176 0.322041 6
-0.623529 0.424001 6
-0.592157 0.494590 6
-0.631373 0.855374 9
-0.639216 0.274982 6
-0.733333 0.196550 6
-0.756863 0.408315 6
-0.796078 0.376942 6
-0.545098 0.478903 6
-0.654902 0.431844 6
-0.796078 0.447531 6
-0.788235 0.502433 6
-0.678431 0.337727 6
-0.850980 0.220080 7
-0.796078 0.235766 6
-0.654902 0.267139 6
-0.756863 0.471060 6
-0.780392 0.447531 6
-0.654902 0.502433 6
-0.709804 0.510276 6
-0.498039 0.635766 6
-0.427451 0.369099 6
-0.529412 0.565178 6
-0.764706 0.149492 7
-0.905882 0.220080 7
-0.725490 0.196550 6
-0.529412 0.141648 6
-0.443137 0.188707 6
-0.780392 0.259295 6
-0.937255 0.290668 7
-0.537255 0.424001 6
-0.733333 0.580864 6
-0.764706 0.251452 6
-0.607843 0.282825 6
-0.482353 0.353413 6
-0.639216 0.447531 6
-0.694118 0.353413 6
-0.717647 0.447531 6
-0.427451 0.322041 6
-0.725490 0.290668 6
-0.537255 0.361256 6
-0.780392 0.180864 6
-0.678431 0.180864 6
-0.552941 0.549492 6
-0.756863 0.282825 6
-0.749020 0.227923 6
-0.858824 0.431844 6
-0.654902 0.133805 6
-0.654902 0.361256 6
-0.600000 0.353413 6
-0.827451 0.486746 6
-0.678431 0.651452 6
-0.498039 0.353413 6
-0.380392 0.353413 6
-0.741176 0.235766 6
-0.811765 0.400472 6
-0.717647 0.047531 7
-0.568627 0.227923 6
-0.450980 0.361256 6
-0.866667 0.306354 7
-0.803922 0.416158 6
-0.529412 0.259295 6
-0.600000 0.424001 6
-0.654902 0.541648 6
-0.560784 0.165178 6
-0.968627 0.329884 7
-0.623529 0.604393 6
-0.709804 0.337727 6
-0.521569 0.588707 6
-0.176471 0.447531 6
-0.709804 0.376942 6
-0.780392 0.133805 7
-0.960784 0.447531 8
-0.756863 0.541648 6
-0.560784 0.235766 6
-0.521569 0.322041 6
-0.419608 0.306354 6
-0.937255 0.580864 8
-0.607843 0.353413 6
-0.654902 0.776942 6
-0.505882 0.173021 6
-0.576471 0.431844 6
-0.670588 0.573021 6
-1.000000 0.133805 1
-0.647059 0.424001 6
-0.678431 0.353413 6
-0.678431 0.596550 6
-0.411765 0.259295 6
-0.709804 0.306354 6
-0.913725 0.408315 8
-0.584314 0.345570 6
-0.741176 0.329884 6
-0.639216 0.557335 6
-0.796078 0.502433 6
-0.843137 0.463217 6
-0.717647 0.353413 6
-0.623529 0.400472 6
-0.654902 0.047531 4
-0.913725 0.306354 7
-0.796078 0.400472 6
-0.600000 0.502433 6
-0.850980 0.510276 6
-0.866667 0.471060 6
-0.662745 0.612237 6
-0.733333 0.392629 6
-0.647059 0.376942 6
-0.882353 0.447531 8
-0.780392 0.431844 6
-0.639216 0.486746 6
-0.764706 0.471060 6
-0.827451 0.392629 6
-0.545098 0.416158 6
-0.741176 0.274982 6
-0.835294 0.408315 6
-0.678431 0.447531 6
-0.733333 0.290668 6
-0.764706 0.290668 6
-0.803922 0.227923 6
-0.741176 0.408315 6
-0.623529 0.235766 6
-0.615686 0.580864 6
-0.529412 0.408315 6
-0.796078 0.259295 6
-0.474510 0.565178 6
-0.678431 0.698511 6
-0.756863 0.290668 6
-0.498039 0.408315 6
-0.529412 0.290668 6
-0.709804 0.369099 6
-0.733333 0.494590 6
-0.796078 0.463217 6
-0.670588 0.596550 6
-0.450980 0.400472 6
-0.631373 0.102433 6
-0.686275 0.424001 6
-0.827451 0.510276 6
-0.521569 0.424001 6
-0.529412 0.510276 6
-0.654902 0.400472 6
-0.733333 0.541648 6
-0.890196 0.494590 8
-0.772549 0.133805 7
-0.858824 0.400472 6
-0.560784 0.573021 6
-0.701961 0.361256 6
-0.639216 0.557335 6
-0.670588 0.369099 6
-0.607843 0.337727 6
-0.741176 0.471060 6
-0.701961 0.369099 6
-0.694118 0.690668 6
-0.749020 0.416158 6
-0.450980 0.290668 6
-0.678431 0.337727 6
-0.717647 0.549492 6
-0.717647 0.353413 6
-0.749020 0.345570 6
-0.686275 0.251452 6
-0.607843 0.392629 6
-0.560784 0.604393 6
-0.772549 0.424001 6
-0.490196 0.400472 6
-0.827451 0.549492 6
-0.772549 0.510276 6
-0.600000 0.416158 6
-0.521569 0.478903 6
-0.678431 0.447531 6
-0.749020 0.573021 6
-0.419608 0.337727 6
-0.647059 0.392629 6
-0.749020 0.627923 6
-0.647059 0.455374 6
-0.654902 0.227923 6
-0.552941 0.204393 6
-0.607843 0.314197 6
-0.780392 0.353413 6
-0.498039 0.557335 6
-0.796078 0.549492 6
-0.694118 0.416158 6
-0.592157 0.392629 6
-0.066667 -0.195607 10
-0.019608 -0.007371 10
-0.105882 -0.109332 10
-0.074510 0.000472 10
-0.027451 -0.211293 10
-0.121569 -0.132861 10
-0.011765 -0.085803 10
-0.160784 -0.054430 10
-0.003922 -0.070116 10
-0.231373 -0.054430 10
0.247059 -0.195607 0
0.058824 -0.015214 10
-0.090196 -0.015214 10
-0.207843 -0.038744 10
0.035294 0.055374 10
-0.043137 0.000472 10
-0.098039 -0.117175 10
-0.207843 -0.054430 10
-0.058824 0.031844 10
-0.098039 -0.211293 10
-0.074510 0.071060 10
-0.003922 -0.077959 10
-0.043137 0.078903 10
0.003922 -0.062273 10
-0.160784 -0.172077 10
0.003922 -0.187763 10
0.019608 -0.172077 10
-0.011765 0.024001 10
-0.207843 -0.038744 10
0.239216 -0.164234 0
0.035294 -0.117175 10
0.105882 0.047531 10
-0.074510 -0.101489 10
-0.082353 0.094590 10
-0.121569 -0.070116 10
-0.176471 -0.007371 10
0.003922 0.071060 10
-0.043137 -0.117175 10
-0.003922 0.071060 10
0.050980 -0.038744 10
0.098039 -0.046587 10
-0.058824 0.071060 10
0.019608 -0.085803 10
-0.027451 -0.313254 10
-0.129412 0.133805 10
0.176471 -0.266195 10
0.027451 -0.085803 10
-0.035294 -0.023058 10
0.019608 0.008315 10
-0.066667 0.133805 10
-0.160784 -0.054430 10
-0.035294 0.016158 10
-0.011765 -0.054430 10
0.019608 -0.297567 10
0.082353 0.047531 10
0.050980 -0.101489 10
-0.043137 -0.085803 10
0.160784 -0.125018 10
0.003922 -0.226979 10
0.145098 -0.046587 10
0.035294 -0.109332 10
0.019608 0.039688 10
0.011765 -0.140705 10
-0.105882 -0.211293 10
-0.003922 -0.140705 10
-0.074510 0.008315 10
0.082353 -0.054430 10
-0.027451 -0.125018 10
0.090196 -0.226979 10
-0.168627 -0.062273 10
0.003922 -0.023058 10
-0.105882 0.016158 10
-0.145098 -0.109332 10
0.098039 0.102433 10
-0.019608 0.000472 10
-0.121569 0.008315 10
-0.011765 0.063217 10
-0.027451 -0.258352 10
-0.121569 -0.038744 10
-0.011765 -0.179920 10
-0.003922 0.024001 10
0.184314 -0.101489 0
-0.066667 -0.101489 10
0.019608 -0.023058 10
-0.090196 -0.070116 10
0.011765 -0.148548 10
-0.043137 -0.156391 10
-0.152941 -0.195607 10
0.168627 0.055374 0
0.003922 -0.093646 10
0.145098 0.031844 0
0.129412 0.039688 0
0.027451 -0.070116 10
-0.074510 0.008315 10
0.090196 -0.109332 10
-0.058824 -0.195607 10
-0.098039 -0.038744 10
0.019608 0.094590 10
0.035294 -0.062273 10
0.011765 -0.172077 10
0.066667 0.000472 10
-0.192157 -0.093646 10
-0.090196 -0.077959 10
-0.003922 -0.085803 10
0.074510 -0.140705 10
-0.043137 0.008315 10
-0.035294 -0.281881 10
-0.098039 -0.242665 10
-0.027451 -0.125018 10
-0.066667 -0.117175 10
-0.176471 -0.156391 10
-0.192157 0.000472 10
0.113725 -0.070116 10
-0.176471 -0.023058 10
0.066667 -0.125018 10
-0.113725 -0.156391 10
0.184314 -0.274038 10
-0.082353 -0.038744 10
0.019608 -0.164234 10
0.192157 -0.172077 10
-0.105882 0.000472 10
-0.027451 0.000472 10
-0.027451 -0.062273 10
0.027451 -0.023058 10
-0.011765 -0.179920 10
0.035294 -0.085803 10
0.035294 0.024001 10
-0.058824 -0.015214 10
-0.090196 -0.046587 10
-0.207843 0.031844 10
-0.090196 -0.211293 10
-0.058824 0.141648 10
0.168627 -0.062273 0
-0.003922 0.000472 10
0.145098 -0.046587 10
-0.168627 0.000472 10
0.066667 -0.117175 10
-0.043137 -0.148548 10
-0.050980 -0.117175 10
-0.082353 0.024001 10
0.019608 0.031844 10
-0.105882 -0.093646 10
0.090196 0.110276 10
0.145098 -0.195607 10
0.184314 -0.101489 0
-0.129412 -0.125018 10
-0.074510 -0.258352 10
-0.176471 -0.093646 10
-0.050980 -0.070116 10
-0.058824 -0.125018 10
0.043137 -0.179920 10
-0.019608 -0.085803 10
0.082353 -0.132861 10
-0.200000 -0.187763 4
-0.113725 -0.172077 10
-0.019608 0.055374 10
-0.294118 -0.054430 4
-0.019608 -0.101489 10
-0.082353 -0.085803 10
-0.145098 0.063217 10
-0.066667 0.000472 10
0.121569 -0.219136 10
0.043137 0.016158 10
0.035294 -0.062273 10
0.137255 -0.117175 10
-0.207843 0.141648 6
0.027451 -0.148548 10
0.066667 -0.125018 10
0.035294 -0.077959 10
0.082353 0.016158 10
-0.074510 -0.148548 10
0.074510 -0.093646 10
0.066667 -0.007371 10
0.019608 0.000472 10
-0.113725 -0.117175 10
-0.066667 -0.219136 10
-0.129412 0.000472 10
-0.066667 -0.062273 10
0.137255 -0.148548 10
-0.098039 -0.015214 10
-0.058824 -0.101489 10
-0.090196 -0.085803 10
-0.145098 -0.164234 10
-0.098039 0.000472 10
-0.090196 0.000472 10
-0.160784 0.071060 10
-0.215686 0.078903 10
0.184314 0.024001 0
0.050980 0.071060 10
-0.058824 -0.172077 10
0.043137 0.016158 10
0.121569 -0.070116 10
-0.145098 0.102433 10
-0.098039 -0.132861 10
-0.035294 0.055374 10
0.145098 -0.250508 10
-0.011765 -0.203450 10
0.058824 -0.109332 10
-0.043137 -0.077959 10
-0.043137 0.055374 10
-0.090196 -0.093646 10
-0.027451 -0.062273 10
0.027451 -0.030901 10
-0.027451 -0.109332 10
0.003922 -0.077959 10
-0.019608 -0.054430 10
-0.168627 -0.085803 10
-0.105882 -0.101489 10
0.027451 -0.125018 10
-0.105882 -0.109332 10
-0.270588 -0.195607 4
0.003922 -0.179920 10
-0.043137 -0.054430 10
0.035294 -0.132861 10
-0.160784 -0.148548 10
-0.121569 0.016158 10
0.035294 -0.062273 10
-0.019608 -0.023058 10
0.011765 0.039688 10
0.043137 -0.109332 10
-0.074510 -0.046587 10
-0.137255 -0.007371 10
-0.098039 -0.132861 10
0.129412 -0.054430 10
0.137255 -0.156391 10
0.145098 -0.015214 0
0.011765 -0.038744 10
-0.027451 -0.030901 10
0.176471 -0.125018 10
0.019608 -0.211293 10
-0.011765 0.047531 10
0.043137 -0.125018 10
-0.066667 -0.023058 10
-0.200000 0.071060 10
-0.168627 -0.070116 10
-0.035294 -0.046587 10
-0.027451 -0.070116 10
0.003922 -0.085803 10
-0.160784 -0.085803 10
0.003922 -0.117175 10
0.011765 -0.164234 10
-0.168627 0.039688 10
0.011765 -0.023058 10
-0.003922 0.102433 10
0.152941 -0.023058 0
-0.035294 -0.125018 10
-0.058824 -0.046587 10
-0.035294 -0.274038 10
-0.011765 -0.007371 10
-0.066667 -0.148548 10
0.607843 -0.360312 11
0.576471 -0.368156 11
-0.152941 -1.136783 12
0.921569 -0.164234 3
0.474510 -0.493646 11
0.827451 -0.226979 3
0.333333 -0.540705 11
0.694118 -0.274038 3
0.772549 -0.375999 11
0.145098 -0.768156 13
0.537255 -0.415214 11
0.458824 -0.579920 11
0.552941 -0.423058 11
0.466667 -0.454430 11
0.247059 -0.736783 13
0.443137 -0.446587 11
0.443137 -0.438744 11
0.466667 -0.532861 11
0.592157 -0.485803 11
0.505882 -0.470116 11
0.529412 -0.438744 11
0.341176 -0.634822 11
0.372549 -0.619136 11
0.301961 -0.525018 11
0.419608 -0.752469 13
0.450980 -0.430901 11
0.474510 -0.415214 11
0.396078 -0.595607 11
0.458824 -0.477959 11
0.286275 -0.634822 13
0.411765 -0.642665 11
0.278431 -0.775999 13
0.498039 -0.721097 11
0.270588 -0.611293 13
0.341176 -0.642665 11
0.592157 -0.564234 11
0.388235 -0.619136 11
0.466667 -0.689724 11
0.403922 -0.713254 13
0.145098 -0.932861 13
0.772549 -0.344626 11
0.341176 -0.556391 11
0.341176 -0.595607 11
0.341176 -0.305410 11
0.043137 -0.838744 13
0.301961 -0.595607 11
0.803922 -0.195607 3
0.443137 -0.454430 11
0.803922 -0.305410 3
0.513725 -0.415214 11
0.435294 -0.674038 11
0.450980 -0.572077 11
0.262745 -0.666195 13
0.490196 -0.336783 11
0.741176 -0.242665 3
0.482353 -0.477959 11
0.309804 -0.611293 11
0.788235 -0.172077 0
0.443137 -0.470116 11
0.427451 -0.564234 11
0.607843 -0.281881 0
0.560784 -0.328940 11
0.545098 -0.336783 11
0.145098 -0.830901 13
0.450980 -0.462273 11
0.764706 -0.352469 11
0.607843 -0.556391 11
0.364706 -0.752469 13
0.325490 -0.634822 11
0.309804 -0.336783 11
0.600000 -0.579920 11
0.317647 -0.572077 11
0.498039 -0.556391 11
0.600000 -0.462273 11
0.262745 -0.556391 11
0.294118 -0.705410 13
0.584314 -0.321097 11
0.560784 -0.642665 11
0.545098 -0.470116 11
0.670588 -0.274038 0
0.490196 -0.572077 11
0.325490 -0.579920 11
0.341176 -0.595607 11
0.450980 -0.509332 11
0.584314 -0.548548 11
0.388235 -0.509332 11
0.796078 -0.321097 3
0.521569 -0.446587 11
0.607843 -0.289724 0
0.427451 -0.744626 13
0.576471 -0.360312 11
0.568627 -0.375999 11
0.215686 -0.540705 13
0.521569 -0.493646 11
0.278431 -0.775999 13
0.364706 -0.493646 11
0.670588 -0.454430 11
0.356863 -0.485803 11
0.733333 -0.430901 11
0.560784 -0.391685 11
0.372549 -0.258352 0
0.427451 -0.477959 11
0.168627 -0.713254 13
0.254902 -0.572077 13
0.380392 -0.642665 11
0.396078 -0.579920 11
0.701961 -0.266195 3
0.231373 -0.885803 13
0.474510 -0.525018 11
0.482353 -0.375999 11
0.600000 -0.274038 0
0.631373 -0.407371 11
0.372549 -0.587763 11
0.615686 -0.328940 11
0.529412 -0.360312 11
0.450980 -0.525018 11
0.325490 -0.681881 13
0.411765 -0.634822 11
0.388235 -0.650508 11
0.788235 -0.101489 0
0.545098 -0.352469 11
0.160784 -0.501489 10
0.372549 -0.540705 11
0.301961 -0.705410 13
0.278431 -0.674038 13
0.498039 -0.626979 11
0.301961 -0.579920 11
0.270588 -0.556391 11
0.647059 -0.383842 11
0.443137 -0.430901 11
0.325490 -0.642665 13
0.749020 -0.368156 11
0.450980 -0.525018 11
0.498039 -0.305410 11
0.505882 -0.619136 11
0.482353 -0.642665 11
0.137255 -0.634822 13
0.419608 -0.611293 11
0.372549 -0.587763 11
0.662745 -0.274038 0
0.286275 -0.430901 11
0.709804 -0.297567 11
0.168627 -0.713254 13
0.545098 -0.477959 11
0.490196 -0.172077 0
0.301961 -0.681881 13
0.560784 -0.281881 0
0.278431 -0.650508 13
0.121569 -0.768156 13
0.301961 -0.791685 13
0.317647 -0.587763 11
0.419608 -0.603450 11
0.435294 -0.548548 11
0.043137 -0.775999 13
0.529412 -0.525018 11
0.427451 -0.336783 11
0.513725 -0.415214 11
0.278431 -0.532861 11
0.411765 -0.783842 13
0.505882 -0.572077 11
0.749020 -0.352469 11
0.200000 -0.619136 13
0.678431 -0.313254 11
0.380392 -0.360312 11
0.301961 -0.454430 11
0.301961 -0.226979 0
0.466667 -0.634822 11
0.701961 -0.336783 11
0.435294 -0.658352 11
0.364706 -0.674038 11
0.623529 -0.423058 11
0.215686 -0.572077 13
0.396078 -0.485803 11
0.349020 -0.619136 11
0.741176 -0.328940 11
0.380392 -0.603450 11
0.662745 -0.446587 11
0.419608 -0.540705 11
0.396078 -0.430901 11
0.615686 -0.477959 11
0.772549 0.008315 0
0.254902 -0.540705 11
0.435294 -0.611293 11
0.372549 -0.619136 11
0.576471 -0.407371 11
0.403922 -0.705410 13
0.200000 -0.909332 13
0.529412 -0.493646 11
0.592157 -0.619136 11
0.529412 -0.509332 11
0.113725 -1.050508 13
0.168627 -0.768156 13
0.239216 -0.752469 13
0.513725 -0.485803 11
0.458824 -0.289724 0
0.239216 -0.681881 13
0.309804 -0.775999 13
0.474510 -0.415214 11
0.552941 -0.383842 11
0.490196 -0.517175 11
0.976471 -0.156391 3
0.364706 -0.509332 11
0.333333 -0.525018 11
0.184314 -0.595607 13
0.380392 -0.619136 11
0.513725 -0.587763 11
0.654902 -0.501489 11
0.576471 -0.579920 11
0.796078 -0.266195 3
0.796078 -0.164234 0
0.600000 -0.540705 11
0.498039 -0.391685 11
0.411765 -0.626979 11
0.694118 -0.336783 11
0.325490 -0.595607 11
0.686275 -0.517175 11
-0.003922 -0.885803 13
0.803922 -0.187763 0
0.003922 -0.744626 13
0.482353 -0.540705 11
0.380392 -0.587763 11
0.419608 -0.540705 11
0.607843 -0.336783 11
0.686275 -0.289724 11
0.631373 -0.438744 11
0.498039 -0.493646 11
0.309804 -0.925018 13
0.576471 -0.423058 11
0.701961 -0.336783 11
0.286275 -0.603450 13
0.341176 -0.454430 11
0.411765 -0.509332 11
0.631373 -0.321097 11
0.607843 -0.281881 0
0.231373 -0.532861 13
0.207843 -0.736783 13
0.662745 -0.540705 11
0.788235 -0.281881 3
0.341176 -0.634822 11
0.317647 -0.666195 13
0.317647 -0.799528 13
0.450980 -0.391685 11
-0.066667 -0.925018 13
0.764706 -0.360312 11
0.513725 -0.532861 11
0.733333 -0.156391 0
0.286275 -0.634822 13
0.372549 -0.626979 11
0.247059 -0.540705 13
0.466667 -0.532861 11
